5
1000
1 40
2 165
3 277
4 15
5 59
6 205
7 269
8 219
9 210
10 187
11 353
12 100
13 91
14 244
15 288
16 157
17 229
18 293
19 333
20 7
21 353
22 118
23 168
24 184
25 28
26 214
27 19
28 112
29 107
30 95
31 87
32 135
33 104
34 219
35 47
36 153
37 125
38 127
39 13
40 228
41 102
42 62
43 117
44 12
45 348
46 201
47 127
48 197
49 23
50 334
51 152
52 41
53 299
54 279
55 291
56 145
57 150
58 269
59 227
60 329
61 305
62 188
63 357
64 304
65 326
66 104
67 220
68 213
69 1
70 192
71 301
72 9
73 185
74 162
75 4
76 296
77 185
78 48
79 62
80 217
81 146
82 346
83 73
84 121
85 156
86 244
87 305
88 282
89 100
90 129
91 212
92 90
93 168
94 223
95 24
96 337
97 313
98 141
99 67
100 107
101 176
102 258
103 43
104 152
105 12
106 304
107 184
108 312
109 355
110 322
111 247
112 34
113 15
114 193
115 8
116 30
117 107
118 29
119 82
120 226
121 150
122 18
123 269
124 243
125 343
126 345
127 344
128 332
129 2
130 112
131 156
132 195
133 193
134 157
135 17
136 82
137 167
138 63
139 351
140 211
141 297
142 77
143 144
144 64
145 54
146 300
147 109
148 354
149 136
150 10
151 214
152 256
153 123
154 336
155 181
156 251
157 150
158 328
159 77
160 311
161 336
162 324
163 191
164 213
165 93
166 63
167 301
168 182
169 105
170 295
171 35
172 234
173 300
174 171
175 347
176 267
177 294
178 137
179 352
180 307
181 325
182 188
183 253
184 165
185 172
186 220
187 302
188 27
189 118
190 318
191 199
192 196
193 36
194 182
195 92
196 312
197 20
198 162
199 289
200 30
201 299
202 217
203 43
204 333
205 51
206 11
207 22
208 154
209 328
210 107
211 233
212 267
213 167
214 186
215 151
216 17
217 1
218 46
219 135
220 299
221 175
222 59
223 246
224 144
225 310
226 328
227 347
228 5
229 245
230 253
231 116
232 177
233 76
234 292
235 359
236 180
237 87
238 70
239 187
240 207
241 67
242 31
243 160
244 336
245 1
246 333
247 252
248 148
249 17
250 4
251 96
252 51
253 8
254 30
255 170
256 230
257 133
258 145
259 212
260 332
261 104
262 121
263 333
264 358
265 157
266 64
267 63
268 255
269 336
270 91
271 73
272 80
273 80
274 271
275 45
276 331
277 297
278 243
279 212
280 30
281 180
282 88
283 105
284 146
285 162
286 327
287 316
288 69
289 218
290 241
291 264
292 253
293 103
294 269
295 70
296 190
297 133
298 341
299 259
300 13
301 141
302 162
303 48
304 46
305 159
306 266
307 16
308 139
309 191
310 231
311 80
312 166
313 43
314 105
315 298
316 106
317 220
318 310
319 330
320 244
321 164
322 337
323 181
324 239
325 183
326 97
327 294
328 289
329 237
330 292
331 107
332 88
333 38
334 4
335 136
336 297
337 47
338 8
339 58
340 98
341 36
342 230
343 302
344 206
345 198
346 24
347 307
348 233
349 247
350 52
351 261
352 165
353 212
354 320
355 228
356 116
357 27
358 86
359 213
360 86
361 316
362 340
363 71
364 118
365 349
366 56
367 48
368 184
369 144
370 354
371 353
372 262
373 304
374 170
375 280
376 60
377 68
378 355
379 324
380 200
381 75
382 344
383 198
384 206
385 193
386 239
387 174
388 170
389 169
390 347
391 131
392 335
393 131
394 342
395 95
396 152
397 55
398 350
399 235
400 37
401 67
402 183
403 231
404 40
405 154
406 338
407 156
408 265
409 134
410 332
411 53
412 103
413 7
414 154
415 251
416 311
417 252
418 300
419 345
420 18
421 201
422 248
423 40
424 266
425 122
426 336
427 332
428 349
429 79
430 238
431 118
432 94
433 120
434 335
435 314
436 0
437 307
438 286
439 132
440 172
441 83
442 75
443 111
444 125
445 124
446 235
447 206
448 290
449 101
450 185
451 207
452 100
453 164
454 229
455 324
456 80
457 312
458 181
459 92
460 207
461 11
462 105
463 218
464 132
465 166
466 19
467 356
468 78
469 162
470 254
471 46
472 119
473 268
474 223
475 272
476 188
477 273
478 266
479 246
480 222
481 131
482 78
483 166
484 191
485 266
486 3
487 327
488 241
489 318
490 234
491 312
492 36
493 291
494 326
495 7
496 167
497 14
498 66
499 315
500 273
501 336
502 139
503 164
504 336
505 265
506 160
507 145
508 250
509 47
510 263
511 234
512 98
513 310
514 1
515 120
516 173
517 82
518 353
519 122
520 29
521 27
522 329
523 1
524 205
525 48
526 205
527 93
528 143
529 160
530 12
531 33
532 315
533 108
534 181
535 53
536 232
537 313
538 150
539 283
540 32
541 253
542 227
543 52
544 159
545 191
546 116
547 164
548 340
549 52
550 247
551 203
552 60
553 32
554 81
555 173
556 98
557 338
558 95
559 13
560 243
561 307
562 306
563 245
564 2
565 351
566 234
567 33
568 199
569 237
570 282
571 13
572 22
573 36
574 156
575 355
576 165
577 350
578 46
579 266
580 5
581 18
582 78
583 11
584 141
585 116
586 34
587 254
588 259
589 176
590 355
591 77
592 197
593 87
594 115
595 127
596 311
597 225
598 148
599 96
600 149
601 172
602 59
603 302
604 84
605 83
606 37
607 7
608 172
609 219
610 304
611 249
612 336
613 290
614 245
615 83
616 313
617 24
618 133
619 258
620 224
621 123
622 234
623 246
624 355
625 181
626 207
627 143
628 114
629 129
630 130
631 266
632 290
633 182
634 273
635 184
636 145
637 139
638 203
639 96
640 107
641 268
642 129
643 131
644 93
645 244
646 20
647 297
648 184
649 164
650 168
651 43
652 328
653 170
654 66
655 177
656 230
657 125
658 94
659 245
660 178
661 200
662 5
663 255
664 325
665 285
666 52
667 354
668 230
669 52
670 248
671 270
672 163
673 180
674 9
675 167
676 243
677 81
678 156
679 191
680 322
681 159
682 86
683 32
684 260
685 70
686 165
687 276
688 333
689 118
690 161
691 249
692 257
693 357
694 316
695 151
696 255
697 87
698 157
699 259
700 75
701 189
702 131
703 233
704 77
705 305
706 248
707 77
708 52
709 128
710 260
711 51
712 126
713 305
714 356
715 153
716 164
717 30
718 106
719 249
720 346
721 297
722 263
723 179
724 197
725 265
726 143
727 82
728 312
729 204
730 60
731 293
732 208
733 279
734 149
735 89
736 199
737 227
738 231
739 190
740 294
741 138
742 324
743 215
744 318
745 116
746 188
747 182
748 248
749 67
750 202
751 215
752 211
753 37
754 33
755 267
756 263
757 91
758 14
759 216
760 280
761 133
762 135
763 343
764 157
765 209
766 228
767 311
768 65
769 172
770 229
771 304
772 34
773 319
774 317
775 306
776 96
777 125
778 29
779 127
780 88
781 277
782 356
783 310
784 130
785 83
786 30
787 249
788 103
789 108
790 58
791 25
792 199
793 18
794 192
795 153
796 266
797 340
798 290
799 345
800 173
801 337
802 331
803 68
804 200
805 302
806 206
807 4
808 341
809 103
810 144
811 172
812 51
813 195
814 136
815 349
816 197
817 51
818 230
819 61
820 141
821 11
822 58
823 102
824 12
825 314
826 214
827 35
828 214
829 63
830 231
831 24
832 217
833 109
834 63
835 82
836 359
837 184
838 279
839 101
840 53
841 120
842 236
843 37
844 219
845 173
846 151
847 190
848 52
849 220
850 73
851 232
852 184
853 321
854 134
855 357
856 265
857 333
858 10
859 157
860 130
861 347
862 305
863 293
864 151
865 293
866 203
867 75
868 176
869 212
870 136
871 341
872 264
873 176
874 193
875 346
876 46
877 341
878 288
879 80
880 305
881 78
882 240
883 56
884 97
885 254
886 39
887 0
888 340
889 69
890 250
891 167
892 222
893 127
894 42
895 342
896 165
897 172
898 279
899 349
900 100
901 3
902 42
903 124
904 133
905 224
906 47
907 155
908 141
909 232
910 67
911 291
912 43
913 171
914 154
915 111
916 192
917 233
918 220
919 85
920 230
921 167
922 352
923 322
924 58
925 252
926 34
927 93
928 20
929 72
930 313
931 322
932 305
933 45
934 284
935 354
936 134
937 176
938 39
939 152
940 103
941 225
942 72
943 55
944 33
945 232
946 119
947 123
948 133
949 67
950 61
951 262
952 190
953 134
954 252
955 332
956 6
957 250
958 143
959 248
960 59
961 249
962 163
963 16
964 312
965 225
966 31
967 143
968 297
969 223
970 168
971 186
972 342
973 86
974 168
975 85
976 228
977 328
978 240
979 22
980 32
981 67
982 355
983 201
984 14
985 136
986 61
987 150
988 137
989 160
990 211
991 81
992 212
993 184
994 197
995 1
996 88
997 183
998 274
999 99
1000 175
1000
1 150
2 290
3 295
4 256
5 87
6 186
7 27
8 116
9 80
10 76
11 318
12 89
13 306
14 77
15 344
16 108
17 301
18 59
19 289
20 260
21 103
22 70
23 359
24 253
25 37
26 245
27 355
28 51
29 48
30 157
31 118
32 319
33 52
34 30
35 32
36 46
37 253
38 327
39 306
40 168
41 155
42 91
43 285
44 191
45 248
46 19
47 74
48 73
49 334
50 326
51 27
52 263
53 6
54 286
55 58
56 255
57 239
58 301
59 288
60 311
61 76
62 272
63 152
64 75
65 314
66 291
67 230
68 352
69 16
70 45
71 290
72 42
73 79
74 165
75 154
76 331
77 212
78 205
79 247
80 101
81 227
82 47
83 334
84 90
85 254
86 301
87 9
88 170
89 127
90 164
91 303
92 13
93 282
94 116
95 178
96 153
97 207
98 321
99 135
100 102
101 359
102 238
103 92
104 352
105 36
106 11
107 341
108 213
109 270
110 324
111 327
112 312
113 291
114 5
115 184
116 157
117 279
118 274
119 350
120 222
121 36
122 179
123 32
124 133
125 91
126 264
127 202
128 66
129 356
130 281
131 293
132 80
133 243
134 338
135 230
136 187
137 163
138 237
139 46
140 341
141 279
142 24
143 154
144 338
145 63
146 64
147 235
148 208
149 0
150 14
151 168
152 154
153 239
154 105
155 51
156 335
157 135
158 180
159 274
160 310
161 273
162 114
163 23
164 93
165 203
166 127
167 170
168 339
169 164
170 153
171 141
172 211
173 199
174 47
175 336
176 98
177 94
178 272
179 270
180 82
181 193
182 8
183 39
184 0
185 255
186 262
187 56
188 330
189 61
190 49
191 112
192 189
193 125
194 324
195 301
196 6
197 144
198 119
199 134
200 56
201 70
202 337
203 242
204 118
205 117
206 19
207 65
208 113
209 177
210 126
211 296
212 52
213 283
214 40
215 195
216 14
217 245
218 51
219 327
220 287
221 45
222 54
223 190
224 15
225 16
226 112
227 150
228 139
229 121
230 58
231 28
232 258
233 202
234 92
235 197
236 95
237 250
238 291
239 5
240 79
241 15
242 353
243 155
244 110
245 214
246 214
247 189
248 21
249 329
250 110
251 272
252 63
253 352
254 339
255 291
256 315
257 19
258 309
259 244
260 172
261 311
262 70
263 131
264 8
265 95
266 330
267 62
268 238
269 213
270 119
271 156
272 316
273 9
274 66
275 278
276 336
277 41
278 291
279 323
280 77
281 202
282 185
283 235
284 359
285 294
286 353
287 238
288 123
289 118
290 107
291 38
292 201
293 290
294 253
295 50
296 43
297 334
298 324
299 109
300 347
301 119
302 192
303 150
304 336
305 135
306 344
307 225
308 153
309 293
310 358
311 230
312 173
313 233
314 172
315 64
316 106
317 54
318 223
319 241
320 133
321 257
322 298
323 276
324 65
325 113
326 334
327 139
328 267
329 343
330 249
331 106
332 334
333 184
334 93
335 60
336 242
337 296
338 275
339 124
340 163
341 201
342 143
343 263
344 159
345 357
346 142
347 160
348 159
349 265
350 77
351 187
352 233
353 330
354 59
355 134
356 38
357 324
358 42
359 77
360 152
361 225
362 82
363 30
364 166
365 39
366 135
367 316
368 67
369 349
370 179
371 335
372 292
373 190
374 79
375 132
376 161
377 111
378 343
379 73
380 341
381 262
382 35
383 356
384 217
385 164
386 173
387 44
388 94
389 149
390 168
391 272
392 130
393 12
394 325
395 71
396 253
397 156
398 236
399 328
400 68
401 109
402 217
403 323
404 229
405 76
406 237
407 270
408 220
409 54
410 103
411 285
412 213
413 222
414 202
415 348
416 132
417 253
418 145
419 335
420 314
421 25
422 32
423 124
424 176
425 66
426 212
427 287
428 9
429 56
430 334
431 238
432 74
433 33
434 324
435 158
436 62
437 186
438 297
439 62
440 248
441 307
442 359
443 42
444 111
445 80
446 305
447 155
448 273
449 318
450 5
451 69
452 105
453 139
454 58
455 113
456 163
457 304
458 231
459 196
460 3
461 91
462 316
463 232
464 152
465 168
466 277
467 97
468 350
469 233
470 316
471 35
472 68
473 246
474 54
475 250
476 107
477 262
478 81
479 153
480 129
481 14
482 323
483 351
484 69
485 97
486 263
487 39
488 227
489 233
490 316
491 296
492 154
493 36
494 95
495 172
496 277
497 155
498 354
499 268
500 263
501 56
502 301
503 356
504 130
505 246
506 116
507 243
508 1
509 237
510 305
511 30
512 156
513 29
514 27
515 334
516 140
517 339
518 334
519 119
520 32
521 42
522 197
523 177
524 128
525 132
526 270
527 316
528 320
529 290
530 301
531 280
532 159
533 336
534 284
535 171
536 48
537 275
538 178
539 263
540 8
541 303
542 329
543 259
544 354
545 277
546 28
547 96
548 343
549 346
550 256
551 207
552 234
553 214
554 154
555 25
556 3
557 43
558 353
559 223
560 50
561 92
562 14
563 331
564 87
565 80
566 274
567 95
568 63
569 255
570 70
571 69
572 74
573 188
574 193
575 222
576 274
577 244
578 309
579 287
580 54
581 86
582 51
583 224
584 305
585 75
586 257
587 239
588 300
589 248
590 209
591 213
592 219
593 113
594 299
595 103
596 183
597 233
598 254
599 32
600 311
601 31
602 115
603 324
604 237
605 83
606 298
607 80
608 62
609 90
610 313
611 353
612 169
613 22
614 65
615 107
616 316
617 9
618 44
619 347
620 179
621 291
622 53
623 286
624 27
625 106
626 318
627 210
628 319
629 34
630 216
631 318
632 112
633 126
634 118
635 150
636 218
637 309
638 315
639 34
640 140
641 280
642 13
643 288
644 232
645 11
646 266
647 182
648 268
649 321
650 282
651 84
652 336
653 197
654 85
655 106
656 17
657 159
658 119
659 46
660 62
661 308
662 136
663 217
664 121
665 290
666 41
667 274
668 216
669 225
670 252
671 306
672 93
673 133
674 267
675 306
676 218
677 20
678 268
679 114
680 49
681 179
682 116
683 140
684 83
685 118
686 129
687 105
688 287
689 279
690 284
691 298
692 149
693 199
694 327
695 121
696 172
697 195
698 3
699 224
700 121
701 56
702 118
703 66
704 153
705 354
706 291
707 129
708 184
709 170
710 33
711 296
712 147
713 158
714 297
715 314
716 259
717 317
718 10
719 3
720 91
721 67
722 127
723 54
724 316
725 50
726 28
727 78
728 359
729 210
730 309
731 112
732 283
733 122
734 256
735 337
736 55
737 159
738 203
739 36
740 258
741 324
742 217
743 79
744 257
745 27
746 321
747 271
748 346
749 115
750 255
751 296
752 30
753 155
754 207
755 73
756 11
757 341
758 248
759 192
760 315
761 255
762 334
763 226
764 31
765 158
766 306
767 358
768 185
769 147
770 293
771 163
772 304
773 107
774 34
775 294
776 317
777 242
778 180
779 257
780 262
781 23
782 297
783 64
784 256
785 14
786 173
787 245
788 218
789 218
790 201
791 215
792 280
793 209
794 14
795 31
796 221
797 29
798 221
799 131
800 85
801 127
802 288
803 158
804 234
805 7
806 126
807 15
808 173
809 105
810 67
811 353
812 351
813 322
814 278
815 235
816 73
817 172
818 200
819 305
820 177
821 39
822 169
823 323
824 61
825 264
826 133
827 253
828 349
829 78
830 319
831 47
832 284
833 234
834 93
835 213
836 79
837 255
838 52
839 129
840 266
841 315
842 325
843 151
844 351
845 348
846 328
847 306
848 152
849 358
850 272
851 213
852 303
853 284
854 48
855 341
856 52
857 182
858 228
859 45
860 359
861 50
862 203
863 186
864 126
865 165
866 139
867 24
868 273
869 131
870 61
871 132
872 252
873 70
874 34
875 164
876 37
877 260
878 223
879 187
880 326
881 244
882 181
883 122
884 5
885 122
886 101
887 147
888 203
889 33
890 10
891 215
892 250
893 184
894 150
895 276
896 315
897 296
898 298
899 247
900 270
901 133
902 56
903 272
904 18
905 307
906 235
907 46
908 8
909 2
910 58
911 176
912 331
913 173
914 256
915 70
916 203
917 288
918 200
919 343
920 3
921 177
922 63
923 340
924 127
925 105
926 106
927 93
928 338
929 218
930 258
931 266
932 311
933 154
934 253
935 93
936 86
937 113
938 351
939 22
940 209
941 344
942 305
943 247
944 151
945 82
946 272
947 274
948 105
949 175
950 225
951 159
952 276
953 231
954 60
955 218
956 150
957 300
958 326
959 165
960 324
961 187
962 236
963 74
964 11
965 189
966 180
967 275
968 134
969 320
970 318
971 181
972 320
973 19
974 324
975 42
976 58
977 195
978 158
979 118
980 79
981 63
982 32
983 285
984 301
985 90
986 224
987 211
988 215
989 282
990 3
991 340
992 297
993 53
994 263
995 229
996 124
997 36
998 30
999 90
1000 131
1000
1 258
2 249
3 90
4 77
5 62
6 195
7 319
8 196
9 318
10 32
11 259
12 212
13 319
14 190
15 0
16 344
17 307
18 195
19 182
20 282
21 67
22 103
23 138
24 177
25 317
26 171
27 60
28 64
29 311
30 26
31 274
32 285
33 277
34 63
35 260
36 39
37 183
38 343
39 80
40 252
41 222
42 176
43 135
44 297
45 8
46 179
47 55
48 203
49 322
50 166
51 202
52 46
53 142
54 156
55 175
56 148
57 342
58 313
59 184
60 16
61 319
62 353
63 156
64 340
65 329
66 208
67 325
68 112
69 206
70 104
71 140
72 179
73 321
74 302
75 107
76 214
77 121
78 189
79 164
80 303
81 222
82 128
83 209
84 348
85 36
86 18
87 44
88 290
89 173
90 152
91 359
92 276
93 204
94 105
95 182
96 311
97 295
98 237
99 148
100 270
101 92
102 236
103 291
104 185
105 256
106 312
107 48
108 291
109 323
110 22
111 70
112 236
113 48
114 249
115 338
116 316
117 132
118 272
119 87
120 210
121 141
122 16
123 195
124 116
125 253
126 188
127 121
128 96
129 358
130 197
131 153
132 218
133 273
134 53
135 333
136 22
137 346
138 280
139 29
140 208
141 62
142 221
143 277
144 218
145 135
146 137
147 221
148 222
149 207
150 46
151 305
152 157
153 164
154 66
155 234
156 336
157 131
158 18
159 126
160 237
161 288
162 336
163 259
164 115
165 244
166 298
167 122
168 49
169 112
170 62
171 345
172 69
173 329
174 211
175 233
176 1
177 52
178 297
179 74
180 82
181 172
182 252
183 27
184 267
185 106
186 253
187 166
188 359
189 5
190 121
191 19
192 63
193 170
194 342
195 252
196 163
197 317
198 268
199 266
200 172
201 113
202 72
203 62
204 81
205 84
206 127
207 146
208 336
209 15
210 304
211 321
212 328
213 52
214 355
215 51
216 196
217 136
218 345
219 230
220 82
221 156
222 267
223 26
224 261
225 14
226 56
227 123
228 305
229 238
230 305
231 317
232 197
233 134
234 160
235 259
236 149
237 216
238 97
239 248
240 32
241 199
242 295
243 154
244 47
245 359
246 169
247 123
248 256
249 6
250 271
251 178
252 161
253 271
254 224
255 41
256 345
257 148
258 229
259 64
260 212
261 212
262 44
263 211
264 181
265 254
266 341
267 56
268 273
269 293
270 257
271 91
272 9
273 4
274 181
275 61
276 184
277 284
278 209
279 50
280 278
281 139
282 141
283 322
284 284
285 175
286 94
287 354
288 65
289 108
290 326
291 140
292 325
293 218
294 178
295 308
296 92
297 146
298 80
299 253
300 165
301 18
302 344
303 347
304 315
305 207
306 66
307 34
308 347
309 235
310 272
311 351
312 335
313 160
314 230
315 126
316 187
317 148
318 351
319 212
320 158
321 117
322 346
323 261
324 116
325 6
326 317
327 265
328 145
329 138
330 104
331 50
332 336
333 280
334 93
335 281
336 205
337 88
338 206
339 265
340 200
341 22
342 136
343 164
344 75
345 28
346 247
347 326
348 69
349 261
350 354
351 327
352 193
353 327
354 113
355 188
356 184
357 144
358 52
359 120
360 94
361 133
362 213
363 287
364 292
365 310
366 312
367 259
368 273
369 310
370 322
371 91
372 230
373 274
374 288
375 104
376 90
377 336
378 98
379 82
380 196
381 322
382 200
383 19
384 343
385 107
386 299
387 273
388 155
389 281
390 39
391 322
392 329
393 11
394 15
395 244
396 343
397 157
398 2
399 323
400 277
401 42
402 285
403 134
404 271
405 338
406 121
407 83
408 180
409 196
410 190
411 218
412 198
413 301
414 304
415 64
416 331
417 233
418 353
419 333
420 75
421 153
422 223
423 272
424 35
425 278
426 23
427 121
428 154
429 29
430 290
431 207
432 250
433 204
434 159
435 155
436 217
437 19
438 106
439 61
440 16
441 111
442 28
443 318
444 140
445 251
446 10
447 198
448 115
449 312
450 210
451 62
452 73
453 7
454 147
455 120
456 108
457 332
458 180
459 326
460 197
461 221
462 160
463 25
464 112
465 210
466 153
467 131
468 77
469 344
470 331
471 30
472 280
473 153
474 18
475 182
476 173
477 15
478 78
479 205
480 305
481 281
482 6
483 78
484 5
485 212
486 83
487 52
488 268
489 213
490 255
491 51
492 287
493 102
494 13
495 279
496 47
497 143
498 298
499 244
500 267
501 287
502 164
503 6
504 82
505 339
506 2
507 187
508 147
509 271
510 189
511 237
512 307
513 19
514 38
515 139
516 159
517 151
518 296
519 283
520 122
521 274
522 174
523 137
524 338
525 231
526 232
527 75
528 142
529 17
530 74
531 176
532 218
533 41
534 30
535 46
536 247
537 285
538 356
539 195
540 12
541 11
542 358
543 142
544 146
545 55
546 33
547 207
548 182
549 89
550 305
551 356
552 264
553 98
554 35
555 206
556 316
557 208
558 113
559 348
560 14
561 177
562 202
563 182
564 164
565 269
566 352
567 236
568 55
569 254
570 174
571 295
572 153
573 172
574 250
575 144
576 125
577 148
578 263
579 105
580 148
581 25
582 342
583 193
584 92
585 286
586 102
587 84
588 302
589 123
590 33
591 273
592 255
593 158
594 129
595 5
596 47
597 339
598 99
599 353
600 121
601 103
602 170
603 64
604 306
605 2
606 215
607 172
608 62
609 11
610 89
611 233
612 239
613 104
614 279
615 113
616 15
617 302
618 93
619 169
620 64
621 182
622 335
623 124
624 297
625 185
626 207
627 335
628 252
629 69
630 29
631 189
632 254
633 344
634 144
635 12
636 295
637 316
638 248
639 144
640 51
641 4
642 117
643 110
644 328
645 230
646 325
647 108
648 297
649 273
650 250
651 7
652 178
653 9
654 291
655 236
656 164
657 65
658 229
659 267
660 155
661 160
662 168
663 289
664 143
665 0
666 70
667 149
668 8
669 243
670 322
671 38
672 77
673 78
674 54
675 210
676 23
677 50
678 311
679 210
680 65
681 280
682 269
683 60
684 235
685 61
686 229
687 217
688 160
689 247
690 153
691 185
692 300
693 319
694 172
695 155
696 98
697 191
698 86
699 322
700 148
701 134
702 55
703 236
704 20
705 129
706 105
707 124
708 83
709 85
710 86
711 115
712 113
713 322
714 12
715 298
716 228
717 202
718 118
719 115
720 116
721 58
722 102
723 329
724 238
725 48
726 39
727 61
728 335
729 190
730 128
731 243
732 52
733 86
734 109
735 44
736 32
737 359
738 320
739 12
740 270
741 246
742 169
743 287
744 63
745 8
746 225
747 184
748 269
749 47
750 261
751 338
752 121
753 219
754 17
755 91
756 291
757 27
758 131
759 286
760 256
761 285
762 314
763 207
764 208
765 330
766 79
767 276
768 153
769 189
770 170
771 274
772 54
773 190
774 8
775 134
776 156
777 329
778 35
779 102
780 166
781 76
782 243
783 255
784 175
785 306
786 4
787 127
788 177
789 9
790 64
791 85
792 227
793 355
794 214
795 344
796 112
797 147
798 250
799 302
800 318
801 62
802 32
803 63
804 84
805 100
806 131
807 168
808 184
809 38
810 163
811 300
812 175
813 171
814 343
815 0
816 166
817 182
818 350
819 245
820 9
821 202
822 164
823 164
824 162
825 225
826 275
827 293
828 60
829 353
830 192
831 273
832 8
833 16
834 80
835 185
836 352
837 233
838 315
839 246
840 170
841 15
842 64
843 162
844 264
845 314
846 129
847 94
848 238
849 40
850 39
851 110
852 27
853 229
854 33
855 218
856 219
857 358
858 42
859 262
860 51
861 123
862 177
863 13
864 47
865 19
866 308
867 233
868 202
869 292
870 335
871 222
872 68
873 355
874 90
875 0
876 112
877 273
878 217
879 1
880 86
881 7
882 56
883 312
884 142
885 203
886 350
887 295
888 119
889 123
890 305
891 307
892 183
893 177
894 99
895 81
896 75
897 352
898 156
899 351
900 169
901 78
902 311
903 1
904 76
905 19
906 33
907 342
908 224
909 297
910 144
911 314
912 15
913 148
914 96
915 204
916 28
917 355
918 308
919 147
920 181
921 240
922 211
923 332
924 254
925 284
926 208
927 15
928 340
929 151
930 294
931 212
932 102
933 255
934 356
935 248
936 275
937 54
938 222
939 116
940 80
941 25
942 157
943 223
944 225
945 118
946 40
947 99
948 115
949 310
950 218
951 262
952 271
953 300
954 189
955 130
956 161
957 324
958 23
959 78
960 281
961 303
962 156
963 30
964 329
965 142
966 213
967 209
968 305
969 45
970 56
971 298
972 320
973 322
974 120
975 10
976 108
977 238
978 278
979 147
980 236
981 204
982 328
983 96
984 147
985 207
986 73
987 19
988 223
989 329
990 129
991 239
992 307
993 201
994 38
995 247
996 154
997 300
998 322
999 262
1000 62
1000
1 215
2 200
3 241
4 240
5 356
6 258
7 17
8 24
9 44
10 292
11 358
12 263
13 268
14 198
15 209
16 202
17 162
18 262
19 208
20 130
21 66
22 12
23 112
24 18
25 252
26 42
27 69
28 41
29 296
30 36
31 70
32 57
33 13
34 52
35 255
36 271
37 158
38 66
39 230
40 236
41 95
42 114
43 226
44 171
45 150
46 77
47 113
48 4
49 301
50 220
51 18
52 0
53 159
54 250
55 74
56 342
57 97
58 106
59 18
60 182
61 203
62 154
63 72
64 348
65 279
66 238
67 133
68 230
69 217
70 88
71 344
72 185
73 191
74 278
75 185
76 10
77 339
78 204
79 88
80 73
81 15
82 324
83 79
84 26
85 281
86 315
87 189
88 311
89 31
90 302
91 93
92 128
93 220
94 4
95 14
96 157
97 356
98 134
99 252
100 341
101 92
102 164
103 55
104 288
105 53
106 66
107 178
108 258
109 11
110 83
111 63
112 136
113 33
114 5
115 145
116 144
117 208
118 14
119 177
120 284
121 303
122 188
123 142
124 216
125 300
126 355
127 39
128 53
129 252
130 346
131 98
132 212
133 168
134 95
135 195
136 135
137 81
138 349
139 325
140 44
141 261
142 291
143 28
144 179
145 346
146 343
147 182
148 346
149 227
150 251
151 159
152 183
153 25
154 174
155 228
156 150
157 155
158 150
159 323
160 140
161 265
162 228
163 129
164 243
165 245
166 56
167 171
168 318
169 267
170 32
171 274
172 8
173 154
174 323
175 344
176 72
177 147
178 27
179 16
180 352
181 2
182 90
183 301
184 166
185 36
186 139
187 289
188 82
189 352
190 125
191 354
192 73
193 296
194 12
195 256
196 186
197 234
198 208
199 169
200 231
201 153
202 322
203 232
204 158
205 314
206 12
207 340
208 312
209 28
210 112
211 53
212 305
213 63
214 52
215 53
216 298
217 64
218 140
219 100
220 220
221 140
222 304
223 4
224 110
225 180
226 88
227 278
228 248
229 191
230 310
231 29
232 240
233 342
234 99
235 265
236 205
237 52
238 260
239 103
240 211
241 156
242 358
243 175
244 102
245 336
246 272
247 5
248 179
249 111
250 16
251 357
252 147
253 326
254 320
255 281
256 49
257 50
258 322
259 189
260 326
261 269
262 146
263 349
264 258
265 272
266 195
267 285
268 310
269 232
270 149
271 96
272 56
273 276
274 334
275 133
276 39
277 141
278 142
279 55
280 40
281 158
282 151
283 196
284 248
285 55
286 156
287 41
288 323
289 5
290 1
291 204
292 60
293 52
294 196
295 322
296 101
297 71
298 171
299 74
300 354
301 55
302 214
303 105
304 49
305 83
306 150
307 239
308 156
309 23
310 142
311 138
312 3
313 104
314 25
315 33
316 251
317 14
318 157
319 4
320 172
321 59
322 46
323 27
324 250
325 307
326 205
327 252
328 201
329 141
330 138
331 321
332 303
333 281
334 248
335 313
336 276
337 306
338 73
339 317
340 205
341 262
342 25
343 206
344 74
345 155
346 343
347 133
348 340
349 300
350 273
351 179
352 171
353 180
354 80
355 298
356 319
357 123
358 268
359 115
360 166
361 143
362 345
363 146
364 173
365 357
366 18
367 207
368 10
369 152
370 196
371 23
372 17
373 217
374 223
375 258
376 190
377 111
378 208
379 270
380 51
381 73
382 106
383 252
384 82
385 298
386 279
387 65
388 141
389 179
390 114
391 296
392 227
393 8
394 150
395 333
396 86
397 204
398 12
399 45
400 211
401 246
402 33
403 325
404 210
405 48
406 110
407 328
408 151
409 61
410 316
411 53
412 63
413 36
414 320
415 304
416 279
417 258
418 243
419 40
420 18
421 172
422 173
423 121
424 137
425 357
426 163
427 59
428 248
429 237
430 351
431 106
432 311
433 51
434 15
435 231
436 70
437 84
438 112
439 127
440 52
441 61
442 76
443 43
444 90
445 301
446 113
447 112
448 315
449 230
450 133
451 71
452 335
453 286
454 151
455 24
456 304
457 289
458 56
459 170
460 188
461 273
462 65
463 342
464 357
465 56
466 358
467 53
468 6
469 21
470 284
471 103
472 207
473 86
474 183
475 286
476 250
477 29
478 143
479 162
480 14
481 318
482 252
483 198
484 132
485 120
486 96
487 123
488 272
489 314
490 59
491 268
492 274
493 255
494 317
495 17
496 286
497 349
498 31
499 312
500 177
501 59
502 315
503 32
504 150
505 65
506 29
507 320
508 32
509 292
510 306
511 304
512 160
513 210
514 1
515 342
516 304
517 106
518 54
519 212
520 233
521 152
522 206
523 191
524 210
525 232
526 112
527 243
528 307
529 225
530 313
531 302
532 73
533 157
534 227
535 74
536 354
537 229
538 271
539 247
540 83
541 137
542 144
543 25
544 8
545 257
546 26
547 261
548 29
549 86
550 51
551 113
552 266
553 180
554 321
555 333
556 140
557 36
558 252
559 357
560 162
561 5
562 133
563 256
564 12
565 35
566 62
567 78
568 147
569 43
570 284
571 53
572 61
573 181
574 259
575 292
576 152
577 43
578 73
579 284
580 17
581 33
582 102
583 36
584 357
585 6
586 50
587 229
588 295
589 338
590 64
591 77
592 203
593 328
594 41
595 247
596 3
597 270
598 180
599 274
600 169
601 338
602 340
603 273
604 44
605 72
606 163
607 323
608 358
609 169
610 38
611 252
612 333
613 22
614 224
615 236
616 24
617 269
618 299
619 350
620 261
621 139
622 324
623 252
624 336
625 323
626 23
627 225
628 150
629 94
630 228
631 215
632 251
633 107
634 160
635 218
636 193
637 297
638 86
639 77
640 299
641 91
642 7
643 203
644 25
645 267
646 40
647 273
648 124
649 98
650 315
651 298
652 52
653 342
654 345
655 323
656 351
657 149
658 239
659 328
660 269
661 330
662 190
663 190
664 122
665 62
666 351
667 146
668 44
669 48
670 238
671 266
672 262
673 312
674 222
675 43
676 37
677 32
678 254
679 107
680 328
681 20
682 267
683 248
684 149
685 204
686 158
687 112
688 321
689 255
690 303
691 210
692 272
693 114
694 50
695 173
696 135
697 170
698 249
699 152
700 269
701 54
702 98
703 202
704 65
705 169
706 11
707 227
708 304
709 126
710 131
711 90
712 214
713 132
714 98
715 224
716 359
717 156
718 139
719 220
720 182
721 345
722 345
723 81
724 110
725 152
726 129
727 182
728 159
729 328
730 71
731 188
732 188
733 115
734 219
735 293
736 154
737 53
738 316
739 10
740 123
741 53
742 341
743 254
744 348
745 129
746 304
747 122
748 228
749 55
750 281
751 176
752 166
753 26
754 316
755 20
756 224
757 178
758 34
759 263
760 341
761 359
762 215
763 70
764 296
765 134
766 55
767 291
768 163
769 269
770 91
771 282
772 310
773 172
774 118
775 287
776 83
777 348
778 102
779 22
780 90
781 229
782 231
783 267
784 9
785 323
786 329
787 307
788 14
789 64
790 53
791 114
792 16
793 56
794 171
795 182
796 51
797 152
798 129
799 316
800 330
801 8
802 255
803 10
804 313
805 211
806 126
807 285
808 147
809 21
810 322
811 252
812 18
813 53
814 317
815 108
816 94
817 35
818 311
819 6
820 48
821 171
822 139
823 222
824 199
825 226
826 299
827 44
828 107
829 320
830 246
831 176
832 63
833 199
834 97
835 146
836 28
837 68
838 284
839 16
840 68
841 91
842 158
843 236
844 124
845 119
846 164
847 53
848 326
849 51
850 350
851 189
852 270
853 242
854 194
855 2
856 3
857 174
858 62
859 105
860 88
861 207
862 184
863 64
864 140
865 266
866 152
867 82
868 151
869 84
870 160
871 1
872 350
873 23
874 50
875 14
876 288
877 37
878 75
879 141
880 162
881 130
882 343
883 336
884 327
885 167
886 149
887 352
888 252
889 243
890 172
891 307
892 68
893 205
894 78
895 210
896 128
897 320
898 44
899 122
900 1
901 30
902 2
903 70
904 320
905 312
906 261
907 171
908 70
909 276
910 2
911 76
912 15
913 353
914 8
915 151
916 301
917 303
918 249
919 39
920 226
921 338
922 61
923 91
924 214
925 137
926 48
927 159
928 226
929 18
930 285
931 74
932 75
933 144
934 83
935 96
936 299
937 295
938 111
939 65
940 213
941 359
942 249
943 322
944 224
945 359
946 307
947 266
948 6
949 60
950 32
951 39
952 181
953 331
954 58
955 194
956 29
957 291
958 215
959 216
960 171
961 79
962 124
963 322
964 213
965 74
966 274
967 336
968 111
969 355
970 216
971 2
972 70
973 268
974 17
975 295
976 292
977 109
978 200
979 97
980 43
981 46
982 81
983 256
984 268
985 21
986 290
987 118
988 186
989 13
990 306
991 339
992 315
993 56
994 56
995 27
996 343
997 325
998 95
999 4
1000 236
1000
1 85
2 233
3 124
4 193
5 123
6 289
7 155
8 338
9 227
10 262
11 340
12 19
13 277
14 277
15 298
16 185
17 241
18 357
19 297
20 357
21 188
22 49
23 186
24 202
25 188
26 9
27 339
28 113
29 65
30 115
31 158
32 314
33 109
34 25
35 97
36 102
37 173
38 266
39 110
40 27
41 176
42 157
43 108
44 344
45 175
46 114
47 133
48 242
49 318
50 356
51 313
52 286
53 43
54 253
55 156
56 327
57 292
58 104
59 139
60 322
61 29
62 189
63 69
64 240
65 266
66 328
67 135
68 117
69 66
70 195
71 40
72 359
73 117
74 93
75 175
76 56
77 7
78 147
79 153
80 288
81 253
82 206
83 320
84 156
85 15
86 245
87 312
88 35
89 111
90 252
91 292
92 59
93 10
94 157
95 144
96 184
97 348
98 230
99 304
100 301
101 281
102 300
103 201
104 86
105 129
106 55
107 86
108 68
109 139
110 213
111 55
112 74
113 349
114 11
115 301
116 249
117 299
118 97
119 48
120 351
121 78
122 182
123 92
124 269
125 271
126 212
127 89
128 200
129 85
130 108
131 179
132 47
133 355
134 109
135 202
136 351
137 253
138 218
139 306
140 316
141 20
142 130
143 269
144 330
145 119
146 20
147 127
148 179
149 117
150 209
151 227
152 49
153 201
154 148
155 125
156 213
157 133
158 152
159 7
160 249
161 234
162 106
163 263
164 284
165 319
166 191
167 353
168 60
169 104
170 206
171 97
172 72
173 281
174 73
175 212
176 246
177 123
178 296
179 216
180 3
181 269
182 246
183 297
184 305
185 55
186 224
187 101
188 270
189 100
190 148
191 34
192 179
193 54
194 206
195 182
196 209
197 294
198 33
199 320
200 163
201 323
202 164
203 5
204 128
205 226
206 194
207 29
208 343
209 128
210 7
211 143
212 233
213 253
214 231
215 106
216 49
217 257
218 265
219 318
220 207
221 91
222 5
223 346
224 117
225 191
226 186
227 159
228 193
229 199
230 187
231 149
232 85
233 46
234 59
235 53
236 291
237 25
238 278
239 278
240 325
241 207
242 265
243 28
244 12
245 18
246 173
247 262
248 263
249 294
250 328
251 199
252 223
253 154
254 205
255 63
256 72
257 149
258 357
259 250
260 307
261 59
262 118
263 274
264 210
265 176
266 3
267 145
268 66
269 332
270 116
271 89
272 168
273 15
274 215
275 231
276 350
277 30
278 79
279 317
280 45
281 287
282 252
283 103
284 215
285 98
286 179
287 145
288 325
289 97
290 112
291 15
292 358
293 25
294 9
295 85
296 121
297 89
298 300
299 16
300 125
301 99
302 180
303 85
304 79
305 241
306 232
307 240
308 197
309 129
310 277
311 223
312 153
313 340
314 69
315 240
316 199
317 203
318 23
319 152
320 314
321 155
322 97
323 302
324 227
325 11
326 4
327 96
328 4
329 211
330 327
331 4
332 156
333 223
334 223
335 193
336 188
337 76
338 141
339 103
340 2
341 307
342 47
343 316
344 211
345 100
346 316
347 313
348 231
349 172
350 226
351 21
352 119
353 18
354 51
355 16
356 218
357 70
358 264
359 122
360 313
361 171
362 11
363 260
364 255
365 279
366 355
367 23
368 149
369 81
370 316
371 101
372 309
373 298
374 54
375 253
376 69
377 279
378 280
379 242
380 110
381 182
382 155
383 94
384 62
385 46
386 235
387 75
388 19
389 348
390 212
391 18
392 313
393 292
394 137
395 104
396 261
397 341
398 299
399 286
400 251
401 55
402 191
403 344
404 277
405 329
406 257
407 96
408 197
409 54
410 113
411 171
412 62
413 176
414 251
415 36
416 21
417 193
418 3
419 168
420 93
421 61
422 320
423 26
424 244
425 76
426 232
427 136
428 80
429 214
430 140
431 294
432 302
433 87
434 118
435 105
436 260
437 30
438 240
439 278
440 269
441 17
442 159
443 84
444 37
445 211
446 232
447 240
448 118
449 337
450 322
451 208
452 282
453 337
454 356
455 73
456 273
457 91
458 16
459 84
460 62
461 212
462 312
463 111
464 21
465 233
466 232
467 297
468 296
469 234
470 292
471 200
472 195
473 319
474 195
475 166
476 60
477 127
478 172
479 72
480 15
481 318
482 152
483 313
484 128
485 278
486 65
487 111
488 66
489 98
490 57
491 261
492 264
493 47
494 134
495 193
496 98
497 108
498 125
499 238
500 154
501 100
502 332
503 20
504 136
505 345
506 180
507 135
508 243
509 227
510 103
511 14
512 0
513 265
514 78
515 84
516 352
517 175
518 262
519 132
520 293
521 193
522 36
523 105
524 125
525 271
526 31
527 316
528 59
529 1
530 293
531 194
532 58
533 341
534 264
535 276
536 187
537 158
538 234
539 240
540 33
541 231
542 79
543 200
544 259
545 273
546 123
547 90
548 298
549 98
550 300
551 160
552 83
553 15
554 160
555 353
556 215
557 130
558 26
559 288
560 25
561 151
562 297
563 267
564 288
565 12
566 353
567 103
568 302
569 111
570 278
571 257
572 72
573 341
574 126
575 112
576 151
577 359
578 135
579 346
580 109
581 223
582 257
583 244
584 252
585 269
586 85
587 150
588 132
589 59
590 151
591 301
592 36
593 7
594 239
595 83
596 131
597 74
598 126
599 124
600 359
601 124
602 63
603 163
604 342
605 154
606 260
607 317
608 11
609 131
610 99
611 51
612 27
613 152
614 192
615 118
616 72
617 138
618 356
619 310
620 238
621 264
622 46
623 236
624 12
625 56
626 34
627 168
628 29
629 174
630 167
631 269
632 135
633 92
634 198
635 132
636 164
637 129
638 127
639 343
640 88
641 220
642 214
643 15
644 338
645 314
646 150
647 263
648 183
649 183
650 228
651 43
652 290
653 354
654 80
655 355
656 152
657 355
658 111
659 204
660 156
661 97
662 349
663 129
664 6
665 199
666 57
667 222
668 58
669 120
670 81
671 109
672 150
673 131
674 80
675 213
676 3
677 184
678 181
679 128
680 8
681 219
682 237
683 211
684 99
685 64
686 252
687 235
688 178
689 200
690 16
691 86
692 33
693 107
694 159
695 56
696 268
697 215
698 234
699 319
700 232
701 87
702 113
703 305
704 245
705 7
706 225
707 85
708 190
709 79
710 292
711 247
712 324
713 343
714 344
715 112
716 288
717 330
718 162
719 229
720 72
721 254
722 140
723 262
724 340
725 211
726 157
727 82
728 17
729 201
730 56
731 185
732 269
733 135
734 192
735 202
736 300
737 321
738 234
739 39
740 19
741 90
742 155
743 134
744 3
745 227
746 332
747 320
748 112
749 66
750 147
751 319
752 83
753 54
754 4
755 340
756 36
757 209
758 175
759 279
760 68
761 184
762 124
763 139
764 178
765 128
766 276
767 176
768 149
769 41
770 250
771 307
772 89
773 71
774 131
775 43
776 349
777 230
778 137
779 181
780 340
781 78
782 166
783 211
784 3
785 159
786 359
787 128
788 323
789 359
790 30
791 7
792 38
793 121
794 85
795 5
796 64
797 57
798 320
799 291
800 254
801 238
802 210
803 265
804 34
805 342
806 203
807 280
808 34
809 280
810 248
811 342
812 29
813 238
814 155
815 327
816 223
817 354
818 325
819 2
820 327
821 354
822 249
823 122
824 175
825 279
826 163
827 166
828 84
829 26
830 257
831 276
832 240
833 120
834 209
835 233
836 268
837 296
838 355
839 75
840 145
841 250
842 216
843 227
844 112
845 187
846 51
847 61
848 328
849 6
850 270
851 210
852 313
853 333
854 273
855 72
856 255
857 136
858 343
859 152
860 145
861 269
862 25
863 265
864 354
865 288
866 167
867 3
868 208
869 133
870 203
871 150
872 227
873 324
874 137
875 188
876 160
877 28
878 141
879 276
880 159
881 228
882 19
883 112
884 281
885 230
886 236
887 42
888 326
889 204
890 95
891 66
892 206
893 71
894 255
895 51
896 30
897 206
898 172
899 319
900 70
901 212
902 68
903 192
904 96
905 262
906 283
907 65
908 187
909 19
910 329
911 68
912 170
913 268
914 275
915 21
916 311
917 85
918 276
919 270
920 315
921 229
922 126
923 220
924 330
925 267
926 131
927 195
928 42
929 9
930 113
931 342
932 149
933 270
934 246
935 249
936 184
937 134
938 343
939 282
940 275
941 149
942 159
943 5
944 1
945 37
946 119
947 103
948 186
949 75
950 153
951 301
952 56
953 248
954 217
955 55
956 270
957 23
958 270
959 191
960 328
961 106
962 53
963 142
964 95
965 186
966 327
967 81
968 91
969 311
970 212
971 39
972 238
973 188
974 240
975 335
976 278
977 135
978 237
979 351
980 147
981 128
982 345
983 72
984 19
985 231
986 346
987 321
988 242
989 67
990 199
991 320
992 14
993 169
994 224
995 24
996 354
997 321
998 225
999 168
1000 40
