71
58
440
25
17
23
49
20
56
14
14
39
36
11
45
151
18
19
35
14
40
52
13
22
41
19
13
81
147
25
20
14
40
42
36
28
31
62
73
28
86
23
556
17
63
29
58
14
20
12
25
261
20
16
14
15
65
40
14
114
51
23
154
23
155
22
109
57
54
82
12
41
17
112
14
40
15
11
106
19
11
46
12
23
57
20
57
152
17
24
28
23
35
11
15
560
20
110
82
22
34
63
29
13
39
258
23
24
30
32
41
32
16
17
20
15
44
13
146
19
44
41
23
15
84
14
40
19
35
84
305
11
17
14
15
18
44
16
150
147
431
13
24
297
36
42
28
49
26
14
13
24
151
15
110
11
20
38
90
36
17
11
22
12
24
31
15
110
557
44
22
12
11
46
12
22
26
12
14
17
64
40
109
144
38
22
11
61
13
46
12
30
12
16
28
24
49
82
433
79
39
17
16
41
50
41
32
156
28
150
41
113
16
147
15
21
23
16
19
12
14
88
12
33
11
70
58
28
88
109
430
32
83
18
43
46
18
11
19
261
258
16
305
24
12
36
555
14
109
76
29
29
23
19
12
11
434
80
11
256
16
27
13
33
30
40
26
16
30
12
22
22
16
14
37
39
39
38
18
17
109
41
13
25
13
44
47
17
13
32
22
146
15
44
106
293
12
33
18
61
38
11
14
24
31
47
25
257
86
259
22
104
48
12
153
48
56
27
81
18
145
29
30
18
144
59
35
69
30
36
58
21
32
254
168
24
262
25
152
23
45
26
62
11
91
21
17
28
312
50
11
149
30
32
154
110
16
47
15
37
23
12
15
15
28
56
19
20
34
16
14
24
44
84
30
254
30
18
33
22
107
14
16
17
149
143
71
12
15
40
16
23
13
259
16
58
15
64
168
37
12
13
62
21
19
44
21
51
24
39
46
42
11
18
13
35
21
29
15
42
88
295
13
110
24
34
48
83
28
23
28
27
557
178
39
58
153
53
32
14
25
72
16
113
16
12
39
62
31
47
16
301
25
31
29
26
39
12
24
13
41
11
151
40
146
68
20
151
20
51
47
53
258
52
42
15
86
119
87
43
22
28
85
75
19
28
12
13
27
12
29
143
146
14
20
39
14
12
39
14
294
41
89
18
18
14
28
12
14
13
35
146
16
115
45
71
32
21
12
259
44
27
82
53
16
14
14
21
13
25
22
32
28
20
57
13
15
16
26
37
69
39
24
82
83
43
39
12
16
45
44
258
37
40
22
45
19
87
20
30
45
561
24
15
21
20
13
13
39
259
35
28
175
12
44
56
34
72
20
32
28
36
41
49
24
175
28
48
34
25
12
28
13
23
12
16
22
22
22
26
24
45
13
27
296
24
34
81
27
33
36
23
12
44
17
19
80
11
33
31
12
89
50
58
81
12
12
48
22
82
34
21
17
13
257
109
16
563
16
33
13
17
20
18
18
12
86
441
151
69
14
153
440
24
42
25
40
49
38
36
39
12
28
17
13
43
32
43
46
44
13
59
262
15
18
146
41
31
30
15
12
14
15
20
11
12
12
82
148
295
28
87
18
16
20
25
16
33
15
149
15
110
42
92
42
16
22
20
21
54
13
31
13
22
13
14
436
43
21
17
107
34
11
14
12
149
39
74
30
14
20
26
146
83
14
43
143
554
80
42
15
24
11
68
149
257
39
89
28
11
23
14
177
13
11
13
145
44
15
84
14
14
13
41
14
16
12
23
86
40
13
35
46
24
50
13
39
29
28
42
18
20
28
431
147
14
65
151
44
110
11
14
69
14
49
28
110
12
36
111
26
36
11
34
18
11
12
559
28
18
25
28
23
21
16
15
12
49
20
40
47
41
12
148
51
30
21
40
147
84
20
62
13
40
51
17
11
12
71
40
15
17
17
14
117
13
261
11
27
36
302
146
12
55
154
14
12
12
40
148
15
30
35
12
41
151
32
14
12
32
38
11
176
14
16
18
15
153
29
141
68
33
14
90
21
30
84
83
52
36
19
24
16
32
114
24
11
13
31
107
11
23
81
41
22
161
112
26
17
11
151
148
17
433
561
12
11
16
13
20
20
49
14
16
33
47
34
24
66
303
14
15
18
52
16
17
23
23
50
17
35
41
149
14
26
296
20
46
39
63
259
13
15
262
39
42
36
11
16
79
13
35
145
23
42
71
15
28
64
440
16
35
32
16
18
14
12
43
21
22
95
108
309
25
11
68
141
20
11
24
22
24
11
48
60
16
11
25
22
33
73
22
49
12
157
31
12
16
20
35
18
30
20
30
152
19
20
22
23
23
36
36
76
14
19
35
146
39
22
108
108
44
39
23
554
14
257
22
144
110
17
80
184
12
17
13
12
19
16
12
150
299
44
11
16
28
11
59
20
39
13
23
14
30
15
114
258
47
18
261
13
12
25
22
89
20
24
43
14
13
140
40
33
299
23
145
15
31
34
19
44
21
26
29
11
47
12
17
50
15
107
21
24
14
35
16
48
31
40
51
30
22
19
12
16
26
23
22
83
48
58
15
563
18
19
149
21
12
41
58
18
16
48
11
24
72
13
20
13
107
27
18
22
14
147
13
11
17
22
560
14
42
12
146
27
42
34
15
41
49
18
143
90
47
21
14
157
21
14
39
11
26
24
13
16
16
29
48
181
35
15
17
37
60
35
32
12
18
22
24
558
16
152
13
36
53
12
26
104
149
21
111
22
13
11
13
12
21
39
16
56
14
39
117
107
21
147
78
23
11
11
11
14
19
51
110
11
11
12
52
18
33
14
19
39
42
11
85
83
58
33
80
35
14
12
258
43
256
147
36
17
13
23
59
35
15
74
24
39
115
30
49
110
154
12
75
34
15
16
41
110
35
90
12
107
34
14
437
21
36
145
47
42
28
12
563
108
17
24
14
15
92
32
15
17
11
23
45
259
18
81
112
38
17
14
66
23
83
56
83
45
17
14
14
21
22
21
11
54
109
144
36
14
14
258
83
40
14
39
40
83
44
14
23
17
14
12
67
16
150
67
16
18
41
13
11
79
172
159
29
44
12
15
555
25
435
14
11
83
46
18
84
35
45
146
21
23
33
39
16
39
36
89
21
43
20
12
16
262
16
24
16
17
57
11
148
24
47
25
144
11
13
11
74
143
20
22
148
16
11
41
15
39
67
90
28
36
16
20
33
18
77
11
34
31
149
143
14
34
18
57
258
15
50
29
14
11
29
17
33
26
81
25
37
18
23
21
23
28
14
36
40
35
32
43
38
107
16
12
17
14
174
43
154
23
14
13
12
14
13
63
44
20
42
20
22
19
15
22
24
15
38
12
46
13
37
81
19
69
13
256
20
82
262
23
24
15
80
15
13
17
30
439
27
40
15
12
15
29
145
36
37
30
119
40
23
49
26
149
28
13
145
109
15
297
35
47
556
35
23
303
28
32
16
39
15
147
22
25
89
43
257
25
17
113
37
41
12
50
16
82
148
148
40
42
29
147
180
20
23
58
14
26
18
41
155
435
16
14
65
68
11
17
24
173
29
150
47
174
16
52
21
22
20
69
43
25
26
38
12
18
83
35
79
14
13
49
85
82
12
83
12
15
28
12
14
15
34
83
23
20
73
25
14
32
19
37
443
25
33
27
21
49
11
18
147
440
26
296
108
11
22
38
147
17
11
143
71
13
14
24
23
12
114
34
13
70
180
45
113
11
37
41
14
11
17
50
47
23
111
69
27
114
68
73
37
20
15
12
23
17
15
434
435
26
12
16
20
15
159
70
34
21
12
41
176
16
79
13
39
44
22
20
13
56
40
435
46
259
33
25
12
108
34
13
14
39
41
434
17
24
184
46
257
112
29
22
13
25
44
85
67
70
62
12
13
143
13
82
11
12
14
64
35
33
17
12
22
37
173
12
18
15
147
22
12
18
46
111
31
259
45
110
154
45
86
12
36
18
259
13
38
34
38
37
11
22
562
49
147
40
111
78
25
15
16
40
43
53
73
20
12
15
29
111
51
16
15
41
432
11
44
15
33
49
441
561
41
14
11
113
21
435
111
21
20
35
39
156
49
40
39
39
16
148
32
19
81
13
113
23
34
22
13
87
11
22
22
38
11
48
175
113
158
80
43
48
12
14
11
83
22
20
27
20
13
18
17
30
23
148
21
38
28
34
559
177
81
20
11
60
23
40
14
68
12
16
33
17
22
109
55
33
14
26
255
81
41
45
13
25
22
63
13
296
34
180
21
76
19
36
85
26
25
72
48
40
78
14
30
88
18
87
36
299
46
25
437
17
431
46
11
293
40
145
13
33
84
14
108
24
24
18
15
35
22
11
16
110
11
16
42
148
15
51
30
259
27
31
21
24
18
19
80
15
40
12
184
35
12
14
16
49
20
553
34
11
39
29
43
108
13
147
20
87
23
40
14
36
34
57
33
81
35
33
12
14
12
181
34
14
292
107
35
115
17
41
34
20
11
12
14
48
17
11
11
438
19
40
20
78
12
45
16
12
13
23
31
147
12
41
59
20
13
53
35
15
24
14
46
35
17
46
13
11
19
111
28
147
40
81
19
15
13
20
40
33
15
40
42
146
296
11
22
12
38
12
32
43
24
143
80
20
34
40
43
24
50
19
47
21
35
30
24
17
14
11
260
25
142
27
35
21
35
15
17
21
14
24
15
48
15
107
27
30
15
13
17
32
14
58
18
20
40
83
18
11
30
49
13
48
260
26
24
172
71
14
27
14
23
111
16
16
17
51
24
70
21
43
17
13
37
22
28
72
30
13
54
41
15
18
20
156
20
25
57
47
558
81
143
18
82
28
24
14
48
20
50
12
44
65
27
19
36
29
144
16
72
14
34
23
298
32
40
39
81
13
39
21
61
260
22
54
14
147
16
84
42
12
18
171
12
440
298
16
14
23
50
22
34
14
261
36
21
18
14
32
111
45
68
48
18
39
14
566
17
154
16
26
12
58
24
33
17
558
260
35
24
35
11
152
64
183
157
82
17
21
108
46
17
15
49
19
14
25
12
34
148
15
21
55
109
69
21
184
41
146
14
32
25
48
22
13
38
85
47
59
24
14
42
15
110
43
171
12
23
74
11
40
12
23
41
113
175
61
30
61
22
17
81
41
70
12
29
12
32
41
12
47
16
15
35
19
16
38
65
25
25
17
263
24
34
12
17
25
111
19
42
22
33
22
69
11
24
37
12
11
22
145
36
12
14
12
115
14
20
50
16
16
258
80
14
23
35
23
12
42
17
20
11
15
12
14
87
43
11
154
14
33
91
20
58
32
30
24
13
56
173
22
25
25
32
44
23
17
15
48
115
175
32
23
12
109
63
259
29
40
11
14
83
46
51
13
12
14
27
259
11
50
20
110
298
32
38
12
83
29
12
13
32
256
12
14
16
39
47
90
433
69
13
11
256
26
53
13
44
31
27
262
257
150
154
15
12
11
169
40
28
15
44
15
51
40
34
12
30
110
81
40
40
38
167
559
29
36
20
12
555
22
37
32
17
49
83
66
30
14
16
29
12
23
25
23
26
44
110
16
21
21
40
23
70
13
41
40
151
39
263
143
27
32
13
11
50
22
70
21
48
15
18
16
74
11
65
29
84
36
28
28
13
177
24
563
14
11
81
40
15
108
13
15
48
22
41
19
36
21
37
21
13
24
18
430
31
431
12
21
11
111
36
15
26
260
26
306
13
256
25
45
116
31
20
31
35
58
57
21
51
17
32
70
114
306
177
14
20
36
11
21
20
16
39
74
15
42
16
80
85
39
110
300
37
14
23
32
13
64
262
15
87
11
149
12
260
18
11
21
17
14
14
16
46
49
20
15
17
38
18
28
20
27
45
182
23
263
34
25
43
47
22
23
19
29
39
11
145
26
27
35
39
27
41
15
12
18
49
38
69
13
34
22
11
46
85
39
17
17
563
27
13
34
21
11
108
46
110
145
82
22
19
24
11
143
32
19
13
22
28
57
110
18
55
65
41
153
13
31
13
17
18
25
34
18
35
33
18
61
46
43
12
34
14
88
49
42
258
26
553
72
30
35
13
36
45
15
169
43
15
178
12
83
21
56
38
20
22
26
21
11
149
11
80
67
15
16
40
12
151
27
16
20
11
47
90
45
146
11
25
35
64
21
42
69
26
18
41
15
27
15
261
38
28
71
63
23
15
53
12
42
31
41
12
34
24
38
38
174
432
14
15
48
28
13
22
11
13
12
13
11
155
20
14
37
57
13
20
54
46
15
12
16
49
111
43
61
42
12
26
11
261
12
84
24
259
175
143
63
47
39
11
87
22
13
13
12
148
41
54
13
14
114
13
57
15
258
64
256
20
53
262
44
47
41
33
19
46
108
18
22
21
151
42
32
34
11
71
22
15
15
16
15
12
155
11
25
16
28
22
85
45
24
14
46
12
74
16
43
41
12
113
14
40
433
40
14
15
21
15
12
21
12
46
25
17
24
32
40
48
14
37
46
59
40
36
15
27
14
33
14
47
22
18
41
65
12
11
178
15
21
19
12
437
20
15
14
11
14
40
18
147
13
56
39
20
91
28
36
61
70
11
28
16
90
12
17
24
55
12
19
33
41
93
44
56
48
147
40
25
46
13
42
113
12
23
28
28
14
47
12
16
12
11
23
18
48
25
15
71
33
83
11
12
24
22
14
22
39
13
27
11
31
12
15
51
16
25
12
85
437
38
29
13
147
33
14
13
29
17
150
14
111
17
83
18
442
40
15
21
23
18
14
156
25
21
12
39
23
17
21
68
147
23
22
43
17
13
13
48
56
11
72
14
18
38
17
31
33
162
29
26
161
12
28
147
43
18
12
52
257
258
20
17
26
113
17
31
38
65
19
50
49
149
14
113
51
34
24
17
20
21
28
258
20
22
12
19
24
34
37
181
62
47
23
40
34
12
14
39
11
43
16
25
68
81
14
19
26
13
21
17
19
431
11
18
23
561
30
23
78
152
35
12
19
13
78
297
110
17
40
28
22
40
37
28
12
16
298
74
34
14
18
20
439
46
64
12
11
14
554
12
37
20
145
16
14
49
13
18
44
49
11
30
14
15
170
42
16
12
12
26
17
23
18
37
19
55
14
25
263
49
109
21
36
34
13
21
12
49
110
29
55
71
50
143
49
25
17
38
567
13
301
26
40
48
40
14
15
16
25
16
32
13
14
159
261
84
83
151
23
31
26
12
42
74
106
11
34
45
152
13
13
84
17
15
295
41
14
21
50
160
15
16
442
22
20
14
150
439
35
14
25
26
12
23
44
13
12
39
255
12
11
15
33
40
11
40
24
81
13
31
85
40
43
18
39
39
21
33
17
23
25
12
16
50
39
82
110
26
50
20
145
173
260
18
21
20
24
12
23
16
22
49
13
40
14
14
42
69
107
261
159
46
15
18
16
16
56
20
41
12
38
145
33
31
16
40
12
11
33
112
12
561
21
21
90
12
154
18
15
21
14
38
41
12
42
19
15
22
75
154
12
12
19
17
145
15
93
28
26
45
15
262
32
23
33
39
23
434
40
35
16
25
69
20
12
13
17
45
83
22
21
33
29
15
23
13
24
12
16
18
12
558
21
22
30
13
12
15
13
32
430
146
115
150
40
22
40
17
14
28
21
22
13
18
36
31
12
17
12
110
21
16
39
146
20
13
28
44
67
26
17
12
13
20
13
30
14
72
26
41
63
18
23
28
170
17
41
112
27
41
33
437
13
15
42
20
12
56
40
44
17
14
107
35
29
15
16
23
21
17
22
15
34
46
15
81
44
29
13
26
28
32
69
43
12
557
19
12
307
35
301
26
16
22
147
20
45
45
150
41
12
23
17
16
50
87
153
145
113
11
28
20
42
148
54
23
25
39
27
28
11
16
14
21
28
21
438
30
16
12
30
39
11
17
148
44
22
21
80
151
117
165
37
181
49
30
20
34
18
17
18
444
20
12
15
264
17
42
92
14
26
16
23
48
51
21
15
16
24
40
14
438
91
12
17
50
295
48
563
21
113
113
41
16
434
29
58
48
11
33
57
91
30
12
16
24
11
82
568
18
46
48
42
24
12
151
35
28
17
37
26
15
17
21
12
40
142
263
556
33
33
16
27
188
20
15
11
24
39
48
26
112
41
18
26
12
30
302
12
22
146
39
22
37
110
42
17
17
25
13
23
443
18
28
156
39
45
53
441
18
11
11
49
24
23
12
15
19
25
12
45
47
44
93
13
57
48
41
553
32
41
16
17
24
34
30
89
432
14
149
41
41
65
26
40
56
22
16
11
42
37
90
13
51
14
39
15
175
12
33
39
26
47
83
81
21
150
13
15
19
11
152
16
37
257
24
12
25
40
20
12
42
44
94
164
145
64
112
11
13
42
83
259
25
20
13
89
21
16
436
147
18
564
17
50
116
17
27
145
22
47
14
12
15
34
24
39
26
22
16
70
83
44
13
12
41
33
15
83
16
42
16
180
20
15
12
18
40
65
11
17
16
11
18
20
89
17
89
82
67
28
15
32
14
22
92
22
23
41
42
13
37
12
23
109
150
106
13
12
41
21
23
11
36
44
35
37
82
16
18
156
24
14
106
22
79
26
557
15
45
11
69
25
17
13
47
11
66
14
109
13
147
36
11
24
12
43
12
31
12
87
15
22
17
44
45
11
44
259
11
26
560
28
108
152
82
32
80
13
29
41
26
15
40
15
30
300
17
27
144
38
14
34
15
111
108
42
14
15
24
18
47
46
20
21
108
20
108
18
14
11
111
20
17
48
12
22
41
156
45
42
25
18
17
34
41
16
20
17
564
42
16
12
15
21
18
14
36
19
35
32
20
51
12
16
11
42
32
21
20
37
552
82
16
49
18
40
14
304
16
23
142
76
86
23
257
39
79
33
27
557
21
295
35
35
14
44
13
13
21
31
145
14
12
149
17
12
44
260
30
39
56
25
113
47
79
28
52
14
15
17
36
82
106
61
24
83
14
39
12
18
23
16
47
20
16
35
34
149
15
34
39
50
27
50
15
21
176
12
14
43
57
27
21
23
39
21
26
18
176
16
256
14
29
16
39
41
15
36
20
42
12
23
41
565
14
305
144
79
48
21
26
30
15
44
30
21
18
44
18
59
83
11
24
91
17
40
85
84
12
27
15
29
51
23
40
18
28
20
15
14
41
60
17
16
16
142
16
49
47
22
12
259
83
48
114
259
44
433
22
19
11
15
76
48
12
30
24
15
51
143
12
297
45
14
11
11
39
20
12
14
30
72
15
438
15
54
12
31
109
24
142
19
26
68
262
22
299
151
25
24
12
50
14
259
39
25
43
112
13
21
87
12
117
77
36
14
15
15
12
17
184
11
562
44
261
11
21
17
439
17
300
20
20
29
11
18
87
15
40
14
40
17
12
36
147
13
40
12
15
298
22
15
38
82
38
15
72
559
17
15
31
17
28
23
32
12
29
34
42
259
20
34
21
14
18
56
12
79
23
12
34
20
11
22
84
83
22
41
36
37
22
15
34
50
65
16
28
35
14
262
36
18
15
13
25
105
53
24
14
75
24
42
20
22
14
12
52
23
15
33
15
23
158
19
80
66
60
70
11
23
13
109
22
23
264
22
28
23
146
28
27
91
261
13
35
23
49
107
430
26
13
21
39
14
83
24
43
11
18
62
88
40
15
112
32
14
306
17
12
12
15
47
36
148
36
15
15
42
46
47
14
30
37
37
256
80
20
565
12
48
117
25
20
16
46
157
28
19
12
16
56
11
255
81
26
16
557
32
109
11
28
46
25
22
20
254
35
50
260
14
89
17
38
16
44
22
301
24
35
108
12
44
110
11
18
22
49
17
11
43
41
13
19
43
17
561
20
36
35
21
12
44
22
14
13
109
13
43
261
113
22
12
40
20
180
27
49
23
21
12
12
28
13
46
87
39
181
35
15
16
83
48
551
46
41
22
22
14
72
41
13
14
38
257
33
22
36
81
17
148
83
15
25
17
291
92
17
148
16
11
11
261
260
15
64
70
19
31
18
23
146
14
14
18
28
20
22
20
35
20
110
42
16
91
42
23
50
15
45
11
14
11
21
12
14
19
28
11
36
12
80
30
435
13
20
56
13
27
11
23
17
20
71
64
23
11
83
11
17
15
14
50
13
49
41
178
15
20
11
110
51
264
113
12
14
23
30
107
15
20
18
83
12
30
47
12
56
28
15
41
145
42
13
53
34
82
27
75
15
27
434
40
35
14
26
15
154
21
13
110
14
11
12
35
38
17
15
259
11
27
18
149
11
25
19
14
18
440
20
28
11
11
40
21
16
13
179
47
11
26
115
18
14
40
12
40
51
27
60
35
25
35
25
69
36
25
25
17
16
40
17
13
564
18
46
24
557
41
17
15
24
32
13
153
17
24
146
43
14
11
36
66
106
87
29
39
15
28
150
22
150
25
42
79
23
19
41
18
23
80
15
299
30
15
74
12
17
19
42
13
28
257
69
46
112
40
71
43
26
12
11
33
22
260
147
51
48
36
13
261
14
21
69
86
70
39
14
24
30
23
17
12
13
81
34
110
36
59
114
43
16
13
37
290
18
14
68
41
148
23
15
11
14
41
37
24
25
39
22
23
82
18
26
19
24
15
12
12
114
38
47
12
66
26
40
11
261
19
175
19
14
27
51
49
41
32
148
146
33
14
561
12
57
145
26
26
259
22
18
81
35
108
14
34
22
13
105
11
26
20
27
42
35
141
144
11
16
72
84
82
30
24
38
27
18
13
27
12
42
81
39
16
15
13
29
18
21
23
26
13
11
47
47
146
12
83
13
48
40
44
556
146
21
40
21
82
20
80
16
15
35
39
112
21
18
71
57
14
12
48
34
42
46
83
11
46
14
74
29
44
16
24
12
24
154
145
89
81
47
83
22
15
21
36
157
23
15
15
12
437
11
19
153
50
30
112
35
24
74
17
300
14
23
17
33
81
42
12
258
40
23
14
71
51
84
13
12
148
12
12
84
107
256
15
14
12
37
20
39
54
562
18
109
25
84
42
14
23
292
14
31
14
15
50
11
16
22
150
21
28
40
11
12
12
14
108
298
48
26
19
24
29
19
41
15
27
14
14
28
15
47
55
19
66
82
16
20
19
24
68
47
19
13
80
46
36
144
558
26
107
41
26
11
13
13
27
73
41
21
54
151
28
306
64
147
25
40
14
19
154
20
147
13
14
25
15
28
145
39
12
44
258
30
44
175
21
21
16
11
12
37
16
144
65
13
24
148
15
14
20
90
11
12
23
15
25
562
11
24
13
25
37
11
16
19
48
21
49
22
262
11
69
22
15
30
67
14
40
50
17
141
43
43
11
36
30
258
22
86
21
35
114
147
22
52
14
111
13
14
11
13
20
12
178
39
21
40
21
47
39
109
25
20
12
13
18
16
70
18
49
154
36
12
26
20
16
22
39
13
41
19
19
64
13
90
14
39
301
41
12
15
87
147
40
11
12
12
50
33
11
30
146
25
26
23
12
12
73
11
112
18
11
81
32
22
15
32
20
49
12
18
300
52
35
257
23
34
24
41
34
33
146
82
45
12
14
34
153
29
50
15
57
38
17
76
17
24
29
48
12
16
50
40
24
83
29
42
168
111
152
46
26
260
24
51
38
16
34
33
43
13
75
26
23
37
257
39
20
302
145
20
297
85
14
49
58
52
21
11
14
56
147
15
13
556
37
23
260
34
11
16
15
14
38
47
23
19
11
111
28
13
34
12
28
45
13
14
37
146
30
11
297
42
52
42
13
158
19
19
24
47
22
25
29
37
429
293
11
148
14
49
47
66
40
89
32
12
261
156
72
11
22
76
32
16
39
22
37
113
80
24
21
302
32
23
13
147
146
39
174
561
434
28
11
70
142
13
15
257
32
27
16
185
172
81
556
17
13
33
22
36
14
47
15
18
28
11
299
25
16
26
25
27
38
27
106
14
12
12
34
28
15
44
31
19
39
54
28
32
26
259
24
17
24
22
14
23
30
46
19
27
22
22
40
116
84
146
48
14
433
258
63
33
48
18
12
13
24
12
46
21
23
42
25
12
48
256
13
22
30
22
47
14
84
108
55
19
40
51
24
143
48
255
22
180
12
110
42
34
32
11
112
17
13
13
14
11
175
42
559
21
15
27
14
30
28
14
12
45
85
14
19
12
17
29
12
22
14
13
15
14
25
106
39
12
28
66
47
15
12
24
81
14
33
14
31
23
49
15
13
19
556
27
111
20
38
13
93
109
37
72
22
39
13
12
28
11
19
48
51
20
12
14
13
11
19
44
60
91
12
148
120
34
40
34
45
84
46
13
33
40
43
19
108
41
140
68
23
29
81
70
11
28
60
14
13
53
85
22
25
36
15
28
25
13
19
11
43
39
18
18
109
142
17
24
12
30
17
11
147
259
41
16
43
33
38
106
14
11
21
84
20
67
43
40
13
12
45
36
26
21
12
80
37
21
27
40
15
18
28
85
33
107
11
49
47
12
64
108
26
21
48
46
11
31
29
29
15
24
41
260
33
43
17
13
11
27
147
45
19
46
13
48
46
18
11
58
35
41
12
21
438
37
28
12
21
22
19
11
28
38
14
24
14
15
256
15
38
13
25
12
50
13
49
15
12
67
258
37
16
39
83
19
12
20
12
19
25
433
36
47
31
17
71
15
82
25
25
16
48
17
13
11
15
15
27
20
38
14
19
20
25
562
42
556
11
112
38
38
68
437
37
42
47
40
17
115
85
35
13
16
427
85
44
25
48
82
13
35
41
11
16
16
21
69
22
13
52
17
32
13
49
22
40
29
85
24
61
48
15
14
112
15
13
11
38
29
86
20
39
15
11
552
44
15
18
261
14
112
12
25
40
16
118
38
23
35
13
17
18
15
65
29
83
86
39
144
19
36
20
42
13
12
35
154
44
41
24
20
53
17
52
261
15
13
21
11
29
261
149
24
34
17
80
15
157
11
18
15
261
34
41
16
112
33
14
11
32
551
29
13
28
149
20
40
11
261
13
26
118
39
27
20
35
32
16
259
84
37
93
83
17
15
11
24
25
15
12
559
13
41
12
82
11
27
17
11
13
22
24
25
17
14
56
30
11
17
17
48
12
34
15
176
28
23
36
18
35
258
23
11
15
27
16
51
23
36
36
12
303
29
27
180
28
45
28
261
73
37
13
26
19
40
18
48
13
13
16
12
71
260
13
84
22
11
12
61
42
13
15
42
14
41
13
13
109
26
80
14
37
24
93
297
58
28
15
262
39
15
14
12
306
28
27
26
12
38
12
70
15
21
12
13
33
40
33
11
40
75
12
35
156
22
19
12
28
37
40
12
49
12
51
11
26
89
24
82
179
41
57
43
112
22
17
23
12
33
26
26
41
12
26
15
22
549
18
12
262
14
16
15
28
13
50
433
11
16
42
79
19
33
13
30
65
16
12
36
180
15
12
15
37
41
52
15
41
12
45
12
22
28
64
20
19
55
110
11
16
24
32
25
40
18
107
26
32
32
22
147
16
35
49
302
29
20
11
36
83
21
13
27
56
22
260
13
16
63
32
115
57
24
28
12
70
436
12
12
56
21
45
11
48
12
17
12
12
42
36
114
13
24
24
19
18
18
106
30
66
11
14
23
12
432
177
12
24
13
32
16
40
22
27
13
14
15
28
41
157
17
11
303
13
24
37
15
26
84
23
158
73
85
30
51
15
17
27
24
14
13
68
115
13
145
25
151
83
113
14
16
13
20
12
19
13
62
34
11
23
25
11
48
22
16
11
12
21
36
35
14
26
149
21
47
18
14
15
73
22
153
16
15
15
19
34
110
26
22
20
20
19
151
73
14
13
42
16
31
108
42
35
31
110
41
22
33
13
63
13
22
18
15
297
15
13
17
50
36
28
18
21
28
39
27
14
81
11
15
18
110
38
29
17
42
20
34
14
66
259
11
20
39
12
11
13
30
49
49
42
50
