-32.7630000 143.3000000
-32.7300000 -2408.1000000
-32.6730000 -3267.3000000
-30.4140000 -3274.4000000
-18.2390000 -3276.5000000
10.9670000 -3274.4000000
28.9860000 -3267.5000000
32.5470000 -3186.0000000
32.6990000 -2911.0000000
32.7490000 -2794.3000000
32.7490000 2456.7000000
32.5750000 3051.4000000
32.3950000 3206.2000000
31.7700000 3264.4000000
28.4940000 3270.4000000
-4.9070000 3276.1000000
-22.1090000 3272.3000000
-28.4180000 3259.4000000
-31.0770000 3247.3000000
-31.5540000 3237.6000000
-32.5060000 3081.1000000
-32.6700000 2975.8000000
-32.7190000 2713.6000000
-32.7630000 143.3000000
Case #1: 32.413
