405
1790
1335
477
1387
1075
178
1406
1714
1406
1136
231
1101
581
16
844
757
1872
1319
1499
457
432
2005
742
933
224
1400
517
1686
75
1631
373
300
1679
386
678
1969
1984
721
788
1433
367
618
1971
1947
396
943
977
831
1706
599
1846
1624
1059
483
399
980
763
500
1420
401
9
1819
1286
850
211
625
1925
210
1402
456
737
537
1430
1
1448
589
483
1344
223
427
380
1053
76
438
550
1213
787
1999
1009
192
1824
1797
26
636
1637
495
1236
1226
1252
1144
9
511
975
985
1884
1534
621
366
1072
1707
256
130
1838
35
1189
684
803
139
668
1278
1128
1670
1321
635
1318
651
1401
426
730
1270
1545
232
1461
1182
804
1986
711
295
267
1091
1821
633
858
267
649
1360
937
97
1153
853
1392
426
458
1965
1358
1275
1526
1553
1132
1643
427
1246
2013
12
263
1357
105
988
1153
1830
1994
1079
850
912
854
943
1171
1676
447
1982
1416
1603
1880
315
62
29
697
1548
1745
660
964
1339
241
1512
1160
12
486
84
358
750
82
513
690
688
1237
1946
668
1525
407
31
176
587
1313
222
1115
1561
717
1758
1424
1815
1023
446
1098
34
1812
1822
1874
1296
91
92
1090
1280
1152
1666
1643
278
1008
1757
1300
1638
1594
913
1893
751
1075
780
195
1035
861
1336
444
931
873
1045
325
1511
1434
807
1826
1407
12
1195
1415
1340
1141
1935
1916
754
139
1027
1318
682
1638
1643
676
1299
839
1398
278
1401
664
404
1029
313
246
1187
511
275
653
1034
1026
929
1635
362
27
455
1080
402
911
492
76
595
1881
328
1186
435
981
1054
1731
1381
93
1580
6
2008
1235
352
1070
271
94
1646
1717
913
824
1471
776
738
1223
1452
690
1554
1386
1419
1213
1940
1719
9
566
946
546
1881
1297
1663
1472
236
462
1005
1965
1985
1690
1344
1611
159
24
259
397
129
1249
1049
1331
369
1898
1719
886
440
357
624
1638
1940
1835
1169
977
1131
57
1326
263
352
792
732
1948
612
1921
1568
1134
1678
1760
296
744
46
1784
1209
1799
62
1320
137
314
1530
333
1934
15
530
1704
502
1163
1213
1505
1080
986
112
1996
1867
1737
720
1035
758
847
260
724
616
179
367
53
1257
618
124
1301
464
1920
1114
1884
214
345
42
117
1770
1368
1527
19
295
1664
1542
723
1988
217
1262
257
1386
1526
297
989
1707
372
1739
254
1872
389
1427
855
1716
1710
191
1178
1040
1166
1989
251
1622
128
960
1014
1986
418
328
1396
45
119
1221
265
1028
1482
900
289
1945
1813
331
1469
856
1280
1578
1240
797
1069
242
1904
36
1588
1579
1441
641
1387
1985
787
241
456
1534
567
944
1482
94
1197
940
117
1470
75
90
1788
342
729
1704
515
1481
1888
19
1221
795
132
1050
1812
355
1231
818
1344
513
1649
1404
1082
1905
549
404
153
1408
1621
490
957
638
1024
1846
433
1493
571
1992
438
794
1430
94
190
1345
1472
2010
1110
117
878
1491
1544
1545
1816
1355
1632
488
836
576
1869
1684
1576
711
1546
1869
970
214
1758
976
1450
960
1441
450
1730
1607
1856
941
1388
1996
354
427
1349
907
1388
1024
1969
1158
33
109
1631
1502
1614
449
1038
745
1030
1811
976
672
10
46
1774
2008
491
652
812
1012
882
1638
1871
1241
1984
1098
796
706
1073
1967
1762
533
839
837
1819
1589
260
1296
975
1913
120
1431
1306
541
860
1464
399
632
157
1342
957
1198
797
1493
817
1639
983
701
91
928
642
1373
277
1824
120
506
994
141
503
1289
1268
1632
1159
1953
433
54
221
1973
1174
1032
63
736
604
414
1961
1601
1626
672
464
1610
811
973
1478
1779
1586
1999
1565
1236
987
398
334
1011
1764
484
988
347
1532
817
1909
1870
842
1489
1945
1851
1425
1322
1534
51
595
1514
1107
921
211
1169
740
1209
1664
682
1405
1883
303
1952
1619
1079
1255
719
575
394
451
1336
1996
1962
659
441
51
407
1765
956
4
2003
1027
943
1128
531
284
1204
1989
1238
967
1658
1986
1589
644
747
492
1628
1510
167
1976
1593
1807
1010
425
1042
282
1001
788
443
1183
1243
1250
520
626
1909
375
1600
1197
670
529
435
1423
1317
690
749
1957
695
1474
267
1736
1878
1774
205
839
614
1493
1965
358
874
581
752
967
1518
386
794
1608
454
1255
519
1326
55
80
887
353
1716
534
41
1815
557
860
171
1077
1443
171
1329
1555
1854
761
1060
1472
930
1967
1885
582
1983
1930
979
1070
1833
1729
1489
1767
744
649
1195
612
16
1078
914
1060
1491
324
517
662
1173
1461
1227
123
257
155
191
142
1179
23
1131
194
725
163
1752
1644
869
366
933
289
983
38
982
1440
1087
442
1551
723
530
352
993
50
1494
1973
995
1960
823
1955
1765
1402
1275
968
1602
1702
1784
1269
1812
328
68
307
76
1411
1934
1453
1889
1566
363
362
904
1036
1651
1241
774
1777
1965
1619
483
1121
1384
1691
1631
651
1996
1545
1129
1655
2000
679
845
652
77
1275
1421
1301
1619
1351
1044
645
475
1133
1735
1432
124
1623
93
283
1794
1430
304
1935
668
1289
212
1322
1269
65
328
1855
1157
226
1611
1567
1672
1549
657
352
496
1564
1142
317
663
1132
1010
1022
1239
962
1197
25
829
1480
1332
1369
315
983
1965
1246
669
985
1608
773
1439
527
311
1962
1757
1008
831
1195
1899
723
847
1678
1318
303
1521
166
43
545
1823
370
1062
1935
183
135
1357
331
274
1743
1422
1785
561
113
1894
1044
1753
1683
884
1101
705
606
14
1334
361
1217
1970
190
1773
1913
1599
510
1722
143
613
1012
801
1665
186
237
138
550
1359
9
138
268
451
537
152
549
1782
1356
316
98
480
683
905
445
770
1409
557
1981
1245
799
679
1654
771
1567
1848
16
619
1415
1021
906
968
336
1020
1341
476
648
1852
325
1257
885
986
382
776
1915
1210
299
62
127
1467
829
1292
685
1517
1617
422
1463
743
1051
1350
895
1396
451
1409
2008
110
1613
1690
807
1615
733
1814
1871
259
1882
1296
1966
1506
1170
1806
130
1788
606
1908
272
501
1224
119
678
1716
1258
948
1567
1271
313
418
1287
649
1090
1190
1280
1271
1940
1062
1572
1503
1694
1823
1131
553
1402
1562
1264
1626
170
1149
495
1511
1634
575
786
200
1350
1406
109
1165
1077
948
70
1109
1990
1510
153
156
1042
255
314
788
627
2013
540
1656
267
1579
434
1341
1096
975
1620
842
423
100
900
970
1750
1066
594
1119
734
1021
1853
1209
193
1540
378
1639
128
1322
1562
1005
736
1938
135
55
558
1735
655
1549
97
242
1221
1383
159
1680
1732
3
66
194
341
1172
284
1350
1139
1469
1849
1574
685
543
741
272
1772
272
718
1542
181
109
1962
23
1009
1136
1692
174
1227
485
1363
1417
1562
1082
1171
1965
1568
885
1656
759
50
139
1240
1782
665
1293
841
824
23
1509
515
1666
1294
1123
103
644
638
1265
993
907
366
557
1961
1561
749
728
48
1362
249
1866
1721
1241
800
1288
902
1755
1733
249
373
265
485
854
1770
1548
378
416
1134
852
288
342
1912
946
1750
998
1868
6
1767
228
449
1851
265
1178
1320
1394
1158
191
41
1437
602
1866
1232
589
892
1256
1288
301
1217
365
1606
1617
1788
1064
490
201
234
1721
449
314
590
167
815
1231
1784
1453
747
1484
460
1430
1611
1187
1376
1033
226
1387
1541
902
615
462
362
337
1015
481
989
1870
1022
985
84
1166
530
636
1867
361
1281
726
270
301
236
909
154
1333
1203
247
1919
1213
1683
395
808
757
1006
405
254
213
1866
686
1898
976
988
971
1850
1292
1894
788
230
401
671
920
595
383
2002
703
247
485
1674
1280
446
1871
1836
21
685
1056
1893
1964
133
897
1542
1598
1546
1368
45
1253
389
1052
1222
234
966
1671
1553
317
1390
1870
1670
553
1836
1774
22
262
1031
455
1876
785
699
269
917
1273
1063
796
1939
187
1062
1292
1624
273
957
1445
217
70
1397
757
1664
1293
136
895
335
275
1058
1815
1538
1649
544
1996
1460
1351
476
676
933
934
428
1358
378
1132
647
756
261
1941
1065
1968
7
528
921
576
947
1616
1161
1181
85
1348
670
488
1619
1226
690
454
691
1023
726
1806
2013
921
475
2016
1154
1177
82
1049
1789
955
594
100
1688
496
1051
787
1587
942
1593
1422
1921
326
1515
1995
915
183
1508
382
1145
1761
210
1427
1381
572
1757
730
1491
1770
754
194
1671
1994
1761
426
1269
1998
835
1812
902
1840
896
1338
1785
1504
1456
1221
777
641
1856
828
814
1141
1816
90
6
150
634
1508
565
1959
1069
25
107
1066
1052
458
741
1171
1433
1323
982
732
1381
1675
584
730
1492
1889
253
1553
908
1319
1179
900
431
652
1576
1807
1338
804
1041
440
557
99
529
611
1355
267
49
325
1060
1281
1579
1979
146
166
211
29
160
421
600
781
210
936
647
916
97
1680
913
527
389
1669
494
581
1816
266
514
1949
1336
1941
607
1421
13
1918
1163
1270
173
1621
1988
591
124
1081
769
94
600
1767
1594
686
916
1007
619
766
674
1101
1493
342
503
630
1381
256
10
1041
1753
1012
1693
1705
896
1747
735
768
1666
697
80
838
416
1165
1255
1898
1341
1883
529
1777
957
324
379
645
1517
1876
881
559
1123
660
1736
1703
263
832
25
1387
1170
1916
1935
1455
981
291
1828
436
1918
993
1670
444
151
769
704
861
1903
905
1526
372
510
1413
784
187
963
1633
1147
1534
1423
1755
76
491
1543
1144
1703
457
614
470
1215
1930
802
33
671
1571
1296
298
1768
1915
106
597
956
1858
912
370
1114
933
1325
1039
1259
1183
923
1260
1469
306
297
750
301
630
1212
1464
1194
49
1876
1111
1944
1384
1425
541
595
1844
501
880
1364
153
556
1316
857
947
809
166
1887
1810
1426
506
851
871
928
392
1354
319
831
114
1806
400
1085
1930
1946
562
673
1730
199
1840
633
131
232
1406
1273
1921
1074
174
256
1167
1185
1566
541
783
1527
499
1106
1165
742
1388
536
1965
1136
272
612
1090
493
1290
648
672
1133
1334
796
1620
1438
1724
1311
499
400
1821
185
80
631
139
355
1522
1841
766
1225
997
745
1700
302
624
1371
760
849
583
761
247
1391
1921
13
47
488
1485
96
217
391
32
1082
1832
828
1362
1546
258
364
1259
1705
15
876
1752
923
144
1097
1410
1270
1713
1356
1313
1701
162
380
556
79
962
901
1780
1236
61
695
1650
887
441
1618
318
546
619
1057
1730
1639
879
356
654
1699
151
1298
237
1672
1219
414
24
603
242
90
393
122
312
921
1427
1666
433
346
1072
1712
662
674
187
103
461
1352
255
210
197
1175
1359
778
130
1264
184
986
181
14
1428
609
752
910
1856
1015
1625
1166
1776
1012
1501
1429
1698
1998
1255
852
1584
513
17
1132
1866
1619
634
1007
867
1240
536
1803
971
212
240
869
1533
672
420
1698
1977
1199
1644
1420
1525
272
1448
1458
48
1270
1237
177
487
1911
1086
210
139
50
597
276
594
469
1826
652
1934
926
1819
841
1819
576
533
253
444
1704
922
697
777
256
507
920
1826
659
903
1920
807
1202
413
1412
1386
1367
1247
589
1861
1705
936
1561
41
255
1567
1540
86
936
876
1351
1650
1130
266
1215
1556
74
1405
1264
1312
1355
1319
489
1336
698
310
425
1488
938
1535
1250
834
1467
1393
157
1988
961
1443
254
1111
1698
752
1705
513
1183
1253
869
1725
1719
375
1377
1970
1608
1306
564
1217
1495
592
1993
3
242
1150
1787
1619
117
166
1085
1991
1322
144
1502
1476
1108
1482
970
1202
1613
1714
788
1070
430
689
595
384
1264
1962
1002
1036
17
1075
717
1644
345
1572
1889
158
1405
302
899
474
227
1678
972
199
1287
897
275
1454
1757
1754
275
1774
1881
626
1230
306
1260
1119
1842
1248
1551
1608
220
1204
357
1528
1499
1869
316
1330
118
5
1652
228
80
1702
643
1854
202
667
536
1220
1386
869
958
1474
507
1104
67
417
341
1189
1658
535
542
1185
2015
515
1233
1958
1753
281
1246
784
612
1850
946
235
943
201
1785
1411
451
1785
801
828
1478
523
161
1795
1823
246
986
1604
251
1255
700
1693
558
1324
1420
1587
1854
236
1188
132
253
1786
1883
1021
757
841
967
332
73
801
1985
985
1017
114
328
1521
1126
1769
1929
99
599
129
637
463
892
1468
1587
794
145
274
1327
1543
1765
1065
883
99
2011
1670
1725
1792
1072
1987
529
69
511
1602
121
1091
226
1376
522
1227
1273
1101
265
414
1455
1243
1966
5
2011
2004
1511
99
901
1010
1696
1959
1418
73
1922
1222
1666
1224
1818
1224
223
800
1115
1442
1464
259
870
356
1160
1554
1961
1076
1745
208
1989
1563
68
2010
1525
94
1541
1179
1740
1936
42
1018
894
742
1157
727
1346
427
739
599
1814
1652
1203
380
1732
823
491
1432
516
1624
871
1219
801
1636
852
1931
96
418
589
908
1630
262
1827
929
954
1608
1442
1465
1875
1620
465
1901
1171
419
922
1968
76
1802
843
1192
1730
1362
1020
1341
745
840
1683
400
1456
597
68
1294
191
1105
1436
1764
829
1684
480
149
1845
1069
1650
1578
633
1142
1172
458
103
1351
1584
298
1803
1258
1943
1446
358
1679
1192
1104
206
1825
1587
1192
2006
1465
1951
1998
1743
1010
1833
1300
1390
1468
846
55
560
789
1066
1135
188
1972
418
1253
1416
392
959
1157
1407
1
892
692
993
1901
771
228
235
262
722
613
312
746
1603
638
872
395
460
1788
801
1511
325
1002
1939
1499
1416
1026
192
532
1502
867
316
102
1591
1380
849
801
889
327
1382
1312
990
1649
673
1220
1495
218
1354
1825
726
1184
1619
1590
1738
833
1109
195
1932
648
1244
534
538
1735
1765
1159
1409
839
775
1125
256
124
560
1807
1771
1596
369
1864
1293
816
61
581
1202
1740
238
937
1636
668
713
211
148
1152
66
1942
1659
666
1091
682
322
1317
745
609
1279
552
112
828
416
491
1937
254
1357
490
488
449
745
1415
378
1128
1977
324
1463
1589
1129
562
1181
1885
1995
1380
1373
1656
1153
1543
674
1149
413
1814
1614
1357
647
905
1799
654
607
1069
275
1564
579
1210
1664
347
1779
1889
1735
208
1203
965
1010
657
1265
300
347
1882
487
757
1431
1761
227
332
275
1772
454
1915
1405
1921
1578
1124
295
1438
1256
1645
679
970
1624
154
130
428
1561
417
1451
1243
276
666
6
1590
796
246
818
85
1881
370
1094
1311
198
1068
603
1053
1335
1013
619
1999
1119
1735
984
958
689
792
1487
433
197
528
847
1188
413
951
1029
406
360
1299
1626
1473
1543
1905
1199
1648
47
994
743
204
558
1352
1511
535
369
16
569
1437
741
1634
279
327
477
1911
6
722
1652
1419
256
832
787
179
567
1838
1525
1681
1975
805
9
805
587
692
503
1030
1955
286
39
561
1396
1168
1598
1313
1249
1590
554
1665
697
719
481
62
1792
766
5
1247
338
1762
1194
1721
453
1224
923
126
879
927
986
695
1608
1324
1990
434
1873
1568
1666
1757
1301
1095
1428
1939
1103
1185
555
694
1900
1495
293
799
1074
1990
1999
306
1441
1728
430
1621
281
1492
414
258
1373
1130
857
730
1847
1171
923
605
539
608
1923
376
1392
1746
1052
1342
44
178
732
698
1855
867
1453
3
372
1524
1034
1425
1459
1082
1772
911
1322
62
1191
1554
1134
1683
942
1321
1820
298
670
1686
164
1193
1754
316
457
409
242
1816
1698
415
1673
629
1957
206
23
219
964
1083
1613
72
1752
1425
1303
2
2014
1414
870
587
127
206
1679
1013
1524
1454
1486
1208
1002
1651
591
995
1122
1796
1326
751
28
789
1085
730
1877
1470
1574
2003
1646
1836
1362
241
175
1846
1418
1384
1228
274
732
1086
1959
585
1696
347
1271
712
1850
1664
1063
1273
1187
730
1217
1649
1156
631
1677
1387
866
1624
692
341
352
903
330
1065
385
1419
524
832
1998
601
1446
1826
1879
1869
1560
1376
893
1210
922
1285
1583
670
765
42
1555
1177
1300
1610
296
704
1811
1398
617
1165
1591
1353
148
697
166
94
1900
813
408
481
1117
1621
854
1251
990
55
546
1906
923
962
183
168
883
73
1170
547
735
754
1074
309
277
1707
508
573
1676
1501
1506
1686
1248
451
741
558
1080
252
376
857
1190
671
743
327
207
239
152
564
1132
111
1648
766
624
1047
1305
1820
331
712
643
269
462
1341
553
591
1680
290
1269
1201
497
681
1031
107
1885
987
273
428
1523
1932
1575
1684
1062
50
1013
1475
1507
1623
2001
498
564
909
467
609
1669
1505
66
1712
614
1619
1777
146
1712
1573
905
319
779
467
1865
1193
1998
1186
12
337
296
1179
42
1499
1984
1785
353
1375
1624
1025
1941
1921
1944
50
501
323
1352
1214
992
1337
572
856
1832
1182
439
622
630
230
1354
1976
815
1299
1276
785
1974
1324
206
1094
1809
1322
447
301
912
117
558
1336
1003
1615
1982
1898
619
1295
1599
745
300
1265
1738
436
737
1355
1421
471
441
1155
1768
1213
1441
1567
1495
389
1962
1629
849
504
748
837
880
410
1418
124
434
479
1304
218
1823
1217
1563
30
1868
943
1745
1952
1568
679
625
1927
853
774
1075
989
1153
799
626
1951
1429
1419
753
281
1318
1153
1309
338
1994
327
1137
964
357
487
1503
1391
1349
1668
654
1069
1259
1839
255
1001
1483
1845
1461
492
1109
156
339
345
629
302
168
346
1880
1684
937
1593
720
1799
670
467
441
67
256
554
1565
1150
1984
411
533
1431
460
176
1394
1266
1614
118
859
1635
821
1297
1239
488
1208
1550
109
1884
760
89
42
234
1413
1873
1859
223
1668
697
1180
963
1616
1840
8
1737
543
1155
1681
420
518
65
474
1084
1503
1616
1348
802
9
510
718
897
945
506
1729
53
304
900
938
993
1237
1347
1225
187
453
277
394
1290
1024
972
721
723
613
1143
1628
1200
2009
1534
1892
67
196
1075
1924
1162
1372
325
1820
659
1287
470
664
1169
1722
1423
1037
431
839
1395
452
901
119
114
283
73
276
1823
519
1415
1163
675
606
148
1840
1139
1525
1855
1602
1984
1221
458
1200
110
1043
1304
28
743
784
295
1567
912
30
1631
1773
1437
436
907
859
1697
484
904
510
72
91
924
1429
808
1417
1930
906
1748
162
1410
1877
500
1668
734
322
18
1978
906
1364
1750
576
803
73
660
551
1668
1152
4
1915
1148
1817
115
1284
1764
1948
280
1578
1584
1276
810
220
933
1053
1968
1715
1066
948
1880
1426
1921
1934
1932
81
535
1396
1953
1371
1306
1901
1682
1748
1867
1988
1102
383
52
812
429
30
1820
1889
776
1275
1528
2001
1930
1447
132
1435
257
290
1971
406
633
1146
675
1749
300
919
1301
777
690
1046
540
680
1215
980
755
397
750
1455
1875
1120
88
519
645
344
1514
682
86
1533
1589
560
745
915
1703
420
1873
1364
1147
1604
1150
477
236
427
1463
1260
528
973
1770
552
387
3
1760
65
641
520
308
250
440
1858
1317
1700
92
549
938
493
61
1172
486
185
791
1610
349
79
1129
89
613
760
8
81
32
1539
1620
482
745
525
650
133
525
287
1116
1944
956
1080
479
393
1759
1164
1859
693
205
365
424
977
1945
1162
1807
329
1326
1461
14
871
30
1097
1865
246
1398
1995
1789
1575
822
496
1534
500
1953
32
772
1059
912
1881
1793
398
459
1751
1654
65
1434
211
1863
483
1625
1802
300
1208
1259
1407
170
742
1008
643
1057
342
250
1364
358
190
1980
1636
1428
1853
644
27
1759
774
1931
1376
426
577
394
212
505
494
1839
1439
1001
812
1168
1615
767
473
159
894
1406
314
1375
819
1405
1245
1494
1132
760
1373
1220
27
1285
358
563
494
1642
1530
399
1076
1646
372
1047
252
1133
714
1300
1824
1488
1048
1194
1858
124
155
750
1782
1097
442
1719
1505
1526
588
375
672
1531
1302
1611
75
1536
244
17
1179
1260
1211
1114
810
128
284
160
1563
1317
1131
1210
314
1955
1408
1998
1572
20
1182
1126
906
1304
786
934
1234
298
1310
28
767
1266
1431
1881
1842
1021
172
1663
880
298
1736
316
326
870
1978
1078
1803
955
370
1703
1509
1412
398
1996
1231
1124
55
664
1945
1560
1158
1102
432
1386
1579
558
832
711
1519
559
1943
1843
1559
815
1611
924
1900
1447
2015
620
729
995
834
99
149
304
537
1380
866
1910
1982
1358
1237
328
136
1806
2007
217
1901
1268
43
1970
1158
1347
1617
1218
274
877
1322
1205
1373
1854
989
8
770
631
1562
1371
1615
1343
445
967
456
437
468
1011
654
1864
1381
994
706
1770
1706
1295
421
1795
1598
1116
705
1282
221
1031
493
377
454
926
461
1130
1284
212
1945
1212
910
1205
1503
1683
908
1686
1451
1759
699
1552
1414
915
1938
207
316
1561
486
1126
706
1828
683
1861
1720
1894
796
1902
1036
867
1628
676
191
1541
670
1989
620
1074
130
1178
1190
91
258
1068
1089
1078
1804
1689
1140
398
144
1863
541
825
828
1881
37
1419
1990
1600
550
1802
906
307
778
1281
1493
161
822
1784
1345
1574
1767
1892
225
221
1787
1243
960
406
1364
1483
1733
1448
1944
1771
1882
1064
1724
1906
813
1243
1027
455
1590
968
1793
1304
922
1169
37
1071
784
195
1751
1506
1570
1260
1501
42
1622
877
1188
342
205
1553
1053
737
1131
1149
1670
673
1945
551
939
66
136
1772
493
1842
887
1884
1186
382
790
697
1916
1213
1067
1377
174
779
53
1319
1005
921
432
1833
20
1507
1977
1629
522
962
818
749
711
1987
1671
70
1429
503
114
1739
596
1804
284
943
256
1693
357
1315
1239
838
166
748
1430
26
533
1465
931
952
842
755
1136
1371
1247
85
222
1682
316
1535
1761
335
1684
166
1603
3
266
558
1483
490
408
1850
2015
291
402
931
743
1411
486
1160
1300
106
1286
1573
1537
1398
330
839
1817
279
847
1054
1913
1251
1957
1652
919
874
1800
989
452
556
1004
719
814
842
1279
917
969
1147
1609
1118
1614
1664
407
859
452
1946
25
778
1759
570
1064
300
1990
25
652
1629
793
393
1533
1381
1299
236
233
1258
1932
1827
1909
9
1314
746
7
581
1306
898
900
1182
865
271
629
1190
792
963
1871
720
783
378
339
1610
880
1192
179
685
1792
752
54
722
1538
215
958
1288
1181
88
1672
291
1278
280
1524
1878
1409
1085
1222
900
108
987
715
1523
1340
1903
384
579
293
1039
1584
1118
1940
1729
1244
464
1335
140
1216
57
191
973
1364
2016
869
1418
112
1514
427
428
1747
1228
1380
1352
678
1661
854
1534
476
1071
607
1862
1085
640
438
648
1379
812
915
363
5
453
1170
1553
210
1509
372
1025
1632
1955
999
260
1446
5
1159
371
1382
1877
1764
145
1167
1111
838
182
674
2010
1230
1451
1907
1612
383
1789
1267
1843
1629
1388
1164
570
1045
1987
1036
1320
1373
429
933
120
1533
1541
20
1668
1678
526
289
1250
1474
229
1894
1204
389
1396
1044
1723
1250
1449
978
1836
1289
422
488
518
79
1305
923
2
502
1679
1113
1932
1487
453
407
1809
413
799
1561
1561
1436
1340
1843
503
1762
170
909
1023
996
1526
716
1848
1596
519
783
1170
650
140
950
665
569
1618
1738
810
1988
1882
889
1317
1528
491
961
100
603
964
719
459
1837
1364
392
929
558
846
135
1534
1152
1911
1992
357
1359
802
1862
1716
430
766
864
1689
420
686
1920
1511
1223
1561
863
490
1831
227
1827
856
335
924
747
1352
1831
888
1485
1831
317
1694
1341
1960
1765
1221
945
315
670
28
1922
962
1687
1448
1494
928
1459
787
412
339
873
1411
471
772
206
201
1023
189
631
1243
36
1434
122
389
436
802
372
1979
1119
1464
48
1234
601
589
70
1808
225
920
355
1408
127
1769
1512
1386
115
26
1077
451
107
423
775
1153
213
800
1311
1426
694
1308
165
1774
1850
1840
557
1545
494
1
1881
77
297
1078
1791
1512
1842
913
1420
1698
1278
224
1257
1810
249
495
1501
1521
1479
160
308
559
1355
350
63
1988
1160
1934
379
1034
1991
1702
790
1257
1976
1251
751
1587
1691
438
1758
18
513
1246
276
1790
1487
380
1508
851
1860
1027
1794
2
475
879
1962
1607
1715
471
388
1692
1772
1638
7
395
52
1574
28
9
1156
30
101
1698
5
1694
893
1807
1686
1079
1441
1839
978
113
1584
1845
462
1303
1647
766
1185
1014
687
358
903
806
1171
252
487
1928
1069
1074
563
369
1545
1657
1007
1477
524
1165
1558
584
414
1261
1050
2001
742
1007
43
64
916
1777
1370
1809
549
306
1246
1745
322
1218
1239
976
11
407
1553
152
562
513
1322
1245
330
65
631
1430
994
86
836
1931
1036
375
1276
143
516
520
1128
880
1485
167
2010
461
29
1286
1389
135
732
1598
581
1627
1641
513
1853
430
158
113
289
138
1685
912
1720
969
1419
695
1031
15
1636
1099
1394
572
175
1996
195
1026
779
624
560
1109
778
560
953
1505
1173
545
1071
1248
1553
262
1723
779
1440
1956
94
944
1034
1110
1524
678
894
1186
1183
957
1044
1675
1697
985
501
41
1514
1345
413
1142
787
530
1535
617
41
1626
745
905
1423
418
682
1082
1021
1451
1778
124
1293
636
1913
629
600
346
163
1035
156
410
1601
983
513
1043
1627
54
540
504
1550
1410
915
1796
720
768
1251
630
796
1819
1054
319
1194
1201
185
410
1213
1932
805
380
868
788
1115
908
1913
515
1470
212
1550
1946
2012
184
1994
1714
373
231
622
21
1887
528
92
1293
1385
695
570
605
1439
552
307
176
558
906
1663
526
392
1080
229
1878
1321
1100
574
776
251
893
571
962
727
1227
1321
718
1325
216
1876
314
742
1945
874
1064
1544
109
1154
679
186
1581
1245
1250
169
1541
843
1911
106
706
1297
970
256
1933
490
1275
832
1271
363
1781
1908
1845
331
329
1469
206
1283
154
348
1169
1651
314
1106
781
37
1814
1447
1948
1429
621
1960
831
1969
807
1780
112
1374
1347
1146
148
540
497
1787
527
170
385
949
413
172
1884
1059
1310
652
1138
1791
1713
672
979
9
932
1163
162
1549
11
69
966
1888
815
799
1059
171
425
1314
1130
939
1967
536
716
1175
238
142
1588
644
122
1495
1845
295
257
1972
929
57
1190
1139
1341
1151
1581
310
1009
10
1394
822
1924
539
415
839
1255
1708
797
2013
1169
204
1643
975
43
1481
1261
412
237
274
167
427
1705
541
1898
439
37
615
1581
1067
399
922
704
1930
1069
916
189
18
370
198
1761
1122
1240
185
1817
1657
426
696
320
641
1312
458
1384
301
1233
1790
1239
1598
1860
877
372
428
488
666
1666
547
805
61
620
1932
1874
928
1025
1390
1065
1833
739
1876
759
1306
1498
1360
152
117
1647
1536
1859
1412
1461
49
1985
1944
74
194
516
1680
159
1610
1558
317
1300
1339
1519
1667
840
233
1420
1923
655
1030
988
1111
1925
176
28
157
929
1230
773
375
270
247
1764
1874
566
1875
107
166
640
422
1383
1597
1116
746
466
536
444
91
1225
1838
1093
217
928
1270
774
682
1844
8
9
735
1633
1503
1447
568
693
1857
1985
1641
293
1218
1036
1343
1504
1893
1709
1342
1313
517
581
301
1544
19
1806
757
298
257
775
1413
584
222
429
601
1406
1379
1227
1852
1405
1102
210
1420
987
1196
1804
1085
1769
253
1998
1
965
882
1549
678
49
1018
1330
1152
708
1886
1136
1833
960
905
469
1574
995
972
896
844
1666
449
1458
803
467
1838
392
1897
1162
364
136
346
774
745
601
975
108
1931
472
1092
661
758
1577
383
1764
1232
1194
1581
1690
1058
1262
1839
365
801
1129
118
950
1167
1831
394
1835
444
98
1169
1485
1040
564
910
706
1933
1833
1000
37
1873
1336
1485
444
474
916
791
138
1229
1118
973
582
1624
446
877
1517
1590
82
745
532
1299
69
1455
1184
1553
1251
141
441
1290
1708
2005
1628
1495
1192
1949
112
1488
730
43
1947
1429
1816
431
502
1452
377
785
1630
268
688
1996
1197
282
1049
923
392
850
2001
308
1594
840
714
1906
66
1743
1407
567
1512
1690
1509
1425
1525
1921
1667
1308
1955
934
1668
265
147
1785
170
158
1374
1913
741
1981
526
380
644
1993
1550
1520
1739
1223
1471
546
261
1634
1484
1568
1852
657
736
1786
40
124
1399
270
292
957
1362
1957
1607
740
239
1175
1169
222
1369
1910
68
182
347
810
886
188
1243
1720
1604
294
1061
713
648
724
324
424
1838
920
952
1260
1540
1174
1893
471
1520
648
1161
1726
1606
997
80
1482
1658
899
1195
286
1075
1754
1246
825
1217
1259
1401
286
561
1793
1930
115
1406
119
368
744
426
1947
1267
1880
1005
1777
1586
1236
1580
794
765
1022
1294
54
389
115
1963
1000
1712
301
1959
90
785
1032
510
1729
24
419
671
161
1062
681
254
1492
932
977
165
1447
1652
994
1898
1350
871
1275
1895
1049
1424
1522
1478
1806
1754
924
667
1402
1174
237
1175
1594
1559
1247
1562
1919
546
88
1097
1769
191
967
1632
1971
85
848
105
1072
1750
297
1390
1203
374
1315
811
1685
1890
1261
1736
659
1134
821
1510
1174
304
1809
1495
152
1003
573
1778
899
270
837
487
1564
831
1734
1073
96
1138
496
714
1325
2014
366
1443
1892
1521
1225
20
1358
1891
1738
720
957
969
1663
925
180
747
800
1379
745
760
1426
1410
938
1400
651
873
766
1187
1591
1348
654
1200
667
1078
1348
944
1560
1959
914
1276
530
288
1109
620
1714
1845
1723
233
1032
769
836
645
1877
536
230
970
1704
1881
595
401
104
1251
1406
980
753
1739
1723
1861
322
426
199
1825
1847
475
8
223
146
1702
1430
1069
1599
1590
923
1821
663
562
566
1372
1542
202
326
1220
1961
912
197
1522
1242
138
851
1818
943
389
53
1657
351
780
1278
1676
1542
505
940
479
395
1706
1462
521
1120
1176
1989
1558
395
772
1408
420
1827
339
172
1618
1340
1852
1299
1302
614
1791
1765
46
1874
985
669
1177
1240
789
1862
1352
437
1285
1597
1967
1880
49
1496
1120
1631
718
967
729
1758
1075
1882
220
1312
1129
804
1665
912
65
1534
1959
1242
1130
1711
1904
942
1571
683
1198
1797
238
185
1656
391
453
1049
1826
1100
1489
357
1228
1601
121
312
441
526
1048
845
642
1205
722
1577
1900
1918
1032
59
1368
689
1898
1443
1690
579
1293
305
556
1492
1597
1071
1540
1304
757
130
1379
1046
1068
1965
1999
1933
914
1078
387
1213
251
1517
1605
1893
251
650
505
329
307
1046
1108
1046
1355
205
500
1769
225
931
270
1804
993
1541
551
131
1973
1217
231
1511
830
360
427
1968
1156
1970
1402
1784
138
579
635
541
1414
397
1413
487
1680
1366
1718
172
120
1947
1224
208
413
22
1537
1201
891
1980
202
866
133
265
1186
1333
1972
448
276
735
1822
142
454
1847
1290
1359
1171
1791
1219
435
1308
6
1579
1890
666
1260
1522
765
1943
1416
455
39
30
679
1966
68
1968
502
211
992
1881
1538
1630
1875
1570
1565
1544
196
104
388
749
812
780
1374
865
477
1069
1736
40
610
1331
271
1281
201
525
1182
162
1758
957
505
970
25
434
488
723
443
439
376
295
1717
1098
1342
277
42
1552
702
1827
1910
999
491
518
1134
124
624
976
1706
1117
206
425
1473
274
1703
801
979
1384
1018
1509
813
461
272
1200
73
131
759
1092
436
879
1772
1273
1812
177
991
1749
585
665
625
1212
1202
1368
1665
138
116
885
743
799
183
1249
1089
635
1074
909
589
394
456
1882
1333
225
466
1457
145
554
1759
2004
1258
1244
953
1652
251
1647
842
485
509
1006
1791
1167
163
1069
1484
1735
1795
1565
48
925
1462
62
987
1590
321
1013
813
1853
1781
543
288
950
884
1860
904
1684
1334
430
218
1868
331
444
747
1384
1793
211
1114
1152
232
468
785
1062
372
1396
200
193
1603
1512
1867
509
896
607
414
673
551
148
317
1761
1002
804
1896
1461
755
1693
2015
169
267
1400
810
982
154
328
1501
1265
1136
1075
1146
1282
67
65
1719
1304
1594
146
65
476
1034
1493
1281
1251
734
951
318
1927
2013
696
739
1112
615
740
739
1839
1375
384
1114
1860
879
324
1782
33
1257
1320
150
950
1770
66
658
782
1156
463
1051
450
1340
591
1987
1036
1360
726
864
95
637
1440
1037
949
225
613
1778
41
1084
1390
1030
1830
220
103
690
1599
633
1301
1527
1153
830
1993
1651
518
1930
469
256
1707
1206
1791
957
997
983
1652
1777
719
1190
287
813
1479
510
506
273
1625
645
1091
18
1756
1295
1779
475
1308
1056
1676
1745
1015
1457
1361
27
493
981
634
1346
2001
123
583
470
677
790
437
1777
613
1820
943
864
1058
1260
1671
1054
1843
596
1445
771
583
402
1951
1726
382
217
10
1599
1112
214
1839
1016
1709
883
450
1636
2015
1147
847
392
877
415
982
1561
394
1881
1017
383
141
1296
787
1625
490
1531
1483
1697
449
329
1736
1201
885
32
1672
678
128
869
1996
675
997
1436
1590
633
38
111
406
102
55
1908
577
1340
370
906
292
1188
653
645
1719
450
969
1227
1301
1083
1804
605
714
1268
658
1050
430
508
1119
928
466
1645
1784
2004
1560
1711
594
292
40
414
107
1324
960
589
344
566
1868
1514
1535
677
1559
388
966
691
320
362
1067
1721
1552
470
1461
464
1098
1771
139
502
1732
987
1700
627
1910
843
830
1244
305
1402
979
1687
1906
1056
1161
1280
822
1268
1161
1644
1584
817
19
1484
601
346
239
1492
1319
1563
1607
892
769
50
1683
7
370
1549
1397
1187
1372
629
614
944
48
1516
753
1956
1467
1268
1279
1870
354
1136
594
793
1905
911
1366
468
752
1797
500
1264
1560
1468
521
1673
965
1132
1558
520
684
1286
1946
392
334
983
605
952
1837
427
1358
353
287
1040
720
425
737
1853
816
1015
1806
1426
570
1016
944
1729
1356
1376
1942
430
1963
437
839
1268
789
1161
1525
776
1399
358
1813
225
1088
207
783
1976
757
1476
433
812
774
262
1609
105
1441
1916
1842
266
1414
2006
1326
477
1147
1456
1909
455
640
1433
1645
1927
1702
84
795
607
283
62
1497
1040
1929
370
1352
421
1025
458
72
1235
113
1510
1126
31
1598
1489
1428
2016
1038
386
1471
711
612
1985
989
637
1969
1387
198
940
425
152
1350
96
341
1370
815
1743
1511
1417
915
1366
19
1213
1234
870
1947
347
1809
448
459
435
653
1821
967
649
142
337
546
787
1471
1584
1617
291
541
177
543
1062
718
274
290
11
563
1276
1965
1768
97
1097
615
698
1293
1956
1628
587
70
496
595
1401
936
1675
1216
1716
525
1811
1083
360
551
10
912
348
428
503
1624
1754
1744
941
1609
1712
1689
1487
1449
1206
463
1844
616
1682
1907
968
1551
1720
1970
947
1075
1878
1337
1374
1231
1838
587
563
753
485
1361
1348
1331
1148
1425
48
1037
1949
1443
1249
1385
1113
1216
664
439
847
251
365
1986
687
1588
1714
1667
320
875
472
1077
1247
658
1973
745
1545
1926
164
410
1339
351
1996
227
663
1862
70
15
265
135
1689
465
587
1351
296
1238
487
1431
175
1400
1435
138
266
789
1729
3
55
1471
1903
1043
1820
533
1533
1058
332
1553
933
427
582
611
80
1645
1342
1471
718
1342
1825
1266
1862
899
819
