30 10 1
7 17 2
2 6 2
6 10 3
14 19 3
1 13 1
11 21 1
1 20 1
14 27 5
21 22 4
12 27 1
5 11 28
18 30 29
24 30 26
1 18 27
26 27 29
6 15 29
1 17 26
4 17 30
23 28 28
11 23 26
30 10 2
20 26 4
19 20 1
9 15 5
3 22 4
20 25 1
6 25 2
9 29 1
19 30 3
1 25 2
15 17 1
24 26 30
4 28 26
10 10 27
7 14 29
1 22 26
8 26 29
8 11 29
12 13 26
1 21 30
14 20 27
30 10 10
29 29 4
13 27 1
3 6 4
12 20 2
8 18 1
3 21 2
3 13 5
2 22 1
15 19 1
13 18 2
10 28 28
3 16 30
24 27 26
10 10 26
13 18 27
6 6 28
7 26 26
15 15 29
8 23 28
22 28 28
30 10 6
18 23 1
4 22 3
4 9 4
18 30 3
23 25 1
21 25 5
14 30 2
10 21 3
2 24 1
24 27 5
13 23 27
7 22 30
4 23 30
24 27 27
12 27 30
18 21 27
22 28 27
8 18 29
9 27 26
17 17 26
30 10 9
8 10 5
19 22 5
15 22 1
6 16 5
20 28 3
1 18 1
2 23 2
8 10 3
3 5 1
20 30 1
8 21 26
5 12 30
5 10 30
8 17 26
1 4 27
3 12 30
8 26 29
7 24 29
11 23 30
25 26 30
30 10 9
1 26 4
10 29 3
16 21 2
7 14 3
10 27 2
4 10 5
27 29 1
14 25 4
19 24 4
13 14 2
5 7 29
26 26 26
16 22 29
5 29 28
10 21 28
25 25 28
26 27 29
22 23 27
10 11 28
2 10 27
30 10 5
16 16 2
1 22 1
3 5 5
21 22 3
1 14 3
4 7 1
9 9 2
26 27 2
24 29 3
18 21 4
3 29 26
7 13 28
18 21 26
7 28 30
8 24 30
6 22 26
18 28 30
7 9 29
4 22 27
14 28 26
30 10 4
2 25 4
7 18 2
20 25 4
25 27 2
14 24 2
17 19 4
15 21 1
1 2 1
26 29 1
22 25 3
23 30 28
11 22 27
16 20 30
5 9 28
10 22 30
25 30 30
2 9 26
12 13 29
1 22 27
4 21 29
30 10 9
1 24 3
18 29 2
1 12 5
1 4 4
16 30 5
4 24 3
17 30 1
5 27 1
1 10 4
18 29 5
8 28 26
4 23 29
7 23 29
19 25 27
2 24 27
17 26 28
8 29 26
1 29 30
1 14 29
2 12 28
30 10 10
2 9 4
15 17 3
21 28 4
14 29 2
1 12 2
4 18 2
21 27 4
19 25 3
18 30 3
12 26 3
12 29 26
10 26 27
6 14 30
17 19 27
13 21 28
14 16 30
17 24 28
22 26 26
2 12 29
13 25 26
