3
39 299
23 20
3 20
20 33
38 37
4 21
12 9
24 10
15 39
34 17
34 29
11 37
22 18
15 26
29 6
22 24
21 22
17 21
16 10
11 15
27 26
8 32
6 29
13 24
25 38
34 12
14 28
6 1
31 38
2 19
19 11
8 20
2 11
22 8
19 32
4 12
12 31
18 37
12 26
21 33
3 27
6 14
36 39
21 1
20 22
10 39
1 7
36 39
27 30
11 3
20 27
26 27
25 38
26 12
17 37
3 28
38 4
33 2
14 29
32 26
29 23
11 38
17 7
7 28
22 10
2 35
14 2
19 21
37 8
12 29
7 10
39 27
23 2
13 14
29 30
5 29
30 1
32 26
19 1
17 29
8 36
39 26
24 21
22 21
2 18
32 1
16 4
2 36
14 25
36 6
13 37
22 39
29 21
36 11
7 4
11 6
29 16
26 4
18 1
9 18
34 17
2 27
33 29
10 6
11 25
26 36
19 9
18 38
7 28
4 18
22 23
30 15
30 5
20 30
35 17
2 9
29 35
23 4
39 3
3 29
20 30
29 19
10 37
16 6
14 19
25 22
18 12
8 23
33 9
28 10
11 14
35 30
29 39
24 26
2 32
9 18
12 15
37 31
39 30
17 15
38 21
18 21
3 30
7 19
12 3
31 16
10 6
22 34
16 4
9 4
7 32
2 36
15 34
11 38
13 28
32 14
37 22
8 5
23 21
2 30
32 34
6 8
39 31
12 37
26 7
10 33
23 12
26 30
2 37
39 15
24 6
5 25
17 7
6 8
8 39
15 12
30 14
38 36
11 34
26 6
26 7
4 31
13 25
34 37
31 16
16 18
35 28
24 8
34 19
16 3
4 24
14 20
15 22
37 28
13 32
33 5
1 27
16 17
25 21
18 14
13 9
39 15
33 16
18 3
13 31
16 24
13 7
11 15
11 4
7 33
37 35
3 7
27 1
1 34
34 5
33 38
27 13
28 3
5 17
29 39
9 4
20 2
12 6
24 35
2 24
22 1
29 21
9 27
35 32
38 15
8 14
33 10
24 19
2 34
19 29
35 4
9 34
16 27
30 21
3 6
21 11
17 22
8 10
24 29
30 2
8 22
17 24
18 16
7 21
27 13
20 4
6 33
30 20
36 18
2 25
30 23
30 13
34 30
31 2
32 14
16 7
28 7
29 22
12 1
39 35
34 33
26 11
29 17
25 30
24 37
13 28
26 14
4 6
38 7
23 2
4 34
8 21
24 2
19 28
19 34
1 13
21 27
5 39
31 22
14 18
39 24
19 23
8 18
7 3
22 13
37 16
1 16
32 13
24 29
23 2
33 4
29 7
11 13
15 30
14 38
83 1211
43 27
6 80
8 41
9 7
78 80
49 57
18 39
5 64
64 22
74 39
65 40
38 43
5 64
52 78
47 6
10 19
49 77
54 79
7 46
75 14
16 65
16 45
17 53
51 61
19 48
18 78
82 67
51 1
45 29
8 69
55 11
83 20
27 17
40 68
20 73
75 69
77 67
76 21
57 17
18 14
46 19
78 15
2 27
46 11
58 38
37 16
58 71
7 15
73 12
70 81
80 12
32 62
62 39
31 70
6 36
1 8
47 14
28 8
68 29
67 63
65 72
56 80
83 46
15 73
55 21
48 21
41 9
63 68
61 6
27 25
53 22
7 12
71 2
32 17
11 24
21 80
56 20
59 37
61 33
38 63
27 75
54 53
43 69
79 74
48 52
8 5
72 76
39 45
9 26
35 50
14 4
74 83
7 76
2 79
42 5
2 53
10 14
29 63
30 4
21 37
68 34
73 74
24 58
44 56
34 38
43 49
80 1
8 28
80 11
2 12
65 40
74 58
64 82
27 30
80 66
42 8
18 83
8 82
39 67
16 61
41 62
73 19
66 53
29 16
10 49
37 25
21 44
5 60
20 35
62 69
11 80
19 7
51 72
52 41
1 44
5 74
44 31
55 65
16 24
5 49
82 77
80 23
51 59
68 74
27 15
78 76
59 82
62 36
53 13
10 16
80 55
61 27
43 17
46 26
40 2
66 79
35 17
68 11
70 38
1 79
52 57
45 30
45 44
56 60
32 41
65 82
66 68
61 48
77 49
79 70
23 13
7 22
78 35
62 74
78 22
70 21
53 4
46 42
80 15
81 3
44 20
70 33
26 16
70 82
53 33
81 26
60 76
22 53
70 32
44 27
69 77
20 38
59 5
8 83
32 46
31 30
1 20
3 34
36 57
80 28
74 17
39 33
77 57
67 52
78 50
9 61
35 41
66 81
38 44
78 11
11 52
37 25
48 31
39 81
55 21
63 70
36 52
31 11
31 1
17 79
46 70
19 38
39 15
83 18
8 20
65 29
3 24
79 10
42 9
5 30
44 4
33 59
69 71
45 49
1 28
12 69
54 26
31 60
73 12
58 49
4 52
39 38
17 14
18 30
56 43
51 45
18 26
44 15
69 6
17 51
1 35
34 65
29 57
78 63
6 30
33 76
6 26
39 41
68 13
20 8
83 82
72 48
47 29
83 68
20 61
57 75
60 14
47 32
25 16
77 53
28 42
29 71
9 34
62 30
33 77
32 65
18 49
25 28
42 75
15 63
43 82
5 67
42 81
62 49
12 78
74 68
51 73
73 55
60 8
53 64
79 17
11 21
8 6
62 7
16 21
50 29
78 38
27 48
14 26
82 75
33 63
60 13
23 6
56 46
77 4
2 18
9 19
75 77
6 8
44 37
32 62
43 27
54 22
34 61
79 63
8 23
82 59
69 6
75 65
15 80
30 4
75 31
43 25
54 4
33 83
48 37
44 50
11 15
18 35
17 61
45 31
33 83
74 33
32 16
62 33
63 7
9 60
53 75
56 51
42 48
46 67
24 42
56 47
80 69
18 3
76 36
4 8
80 65
59 22
56 9
40 81
25 75
41 35
73 23
28 40
5 29
56 19
36 68
43 35
8 13
25 71
23 58
2 30
50 25
75 8
45 37
52 23
70 67
56 47
72 10
6 4
11 9
11 37
44 15
81 57
77 35
12 49
17 46
37 2
29 26
62 46
78 60
82 64
54 74
63 55
40 32
17 3
60 80
51 79
4 28
18 24
73 15
9 19
3 5
65 51
14 72
18 2
33 55
68 29
20 81
53 60
52 5
27 73
74 64
71 10
28 20
4 69
2 72
63 59
13 1
52 10
11 29
33 17
4 75
18 6
43 11
46 26
32 42
25 82
10 73
32 35
23 81
69 5
4 35
47 24
61 31
36 22
55 36
61 13
79 41
34 26
55 35
74 52
37 55
60 24
70 17
80 47
77 1
50 14
51 46
15 82
66 50
42 69
11 22
48 67
79 26
19 33
6 69
25 21
18 54
39 51
52 49
43 13
69 75
27 43
54 4
1 71
54 16
3 9
8 82
58 60
41 53
82 43
68 8
51 7
67 70
77 64
56 40
42 31
65 10
20 51
54 57
5 60
22 47
59 57
9 79
75 74
81 31
58 29
26 48
56 26
15 76
61 81
3 65
25 77
62 21
10 14
72 18
32 61
11 9
42 49
78 17
82 62
44 32
1 15
36 34
30 49
49 14
64 78
59 83
79 33
36 74
76 27
8 81
22 9
8 80
81 15
36 22
67 70
20 62
1 21
22 78
47 76
20 55
28 20
6 66
78 7
58 14
54 13
39 40
71 46
30 26
48 6
69 15
71 66
76 27
71 38
50 39
71 42
25 69
79 29
63 2
29 30
26 56
80 16
19 20
10 71
34 42
79 67
38 19
71 28
43 78
75 65
81 9
68 43
53 61
35 63
13 57
83 25
30 8
32 29
71 42
11 54
49 47
50 53
48 71
28 21
30 25
4 79
23 64
9 49
63 10
65 19
60 67
68 67
80 64
74 59
26 22
57 8
37 21
75 20
2 37
82 21
56 49
51 72
23 64
19 52
33 31
14 37
40 46
14 24
61 18
33 15
65 16
36 61
24 71
24 38
69 8
36 47
44 25
20 44
62 78
27 69
38 34
48 4
41 37
31 71
57 61
45 19
13 3
52 73
27 19
24 9
40 22
16 64
20 79
67 33
50 78
20 33
38 28
32 35
53 58
76 64
3 76
38 25
34 52
39 33
17 60
59 48
75 26
58 71
65 66
10 9
18 80
44 26
63 12
25 46
56 67
66 28
72 51
69 52
27 6
10 30
34 17
63 20
35 5
27 16
60 28
62 73
2 72
31 61
14 3
63 80
14 51
58 51
25 19
13 49
69 3
72 15
43 57
20 4
82 61
75 64
31 28
5 17
71 83
79 7
46 33
75 69
43 52
74 28
19 44
12 39
70 72
28 56
3 55
83 25
78 52
51 49
20 8
1 50
43 6
29 52
82 53
63 80
54 36
1 77
75 43
18 58
59 24
68 66
9 75
78 43
64 65
61 48
60 11
17 66
52 6
58 78
42 21
83 3
78 22
42 17
9 29
27 11
13 27
38 30
16 57
1 45
53 66
59 37
50 83
72 43
62 54
43 66
63 29
72 75
35 56
1 41
65 14
9 81
50 47
73 6
60 33
24 33
4 47
51 26
17 58
9 23
79 14
82 77
40 48
23 77
28 33
41 66
35 70
40 55
46 29
31 56
59 71
25 67
44 41
38 10
1 77
48 19
38 22
58 9
79 72
17 72
65 40
23 64
49 60
79 23
69 58
26 59
42 49
62 48
56 77
51 25
60 55
71 68
70 16
8 23
81 11
81 20
13 53
2 59
54 13
31 13
54 21
44 45
66 55
60 75
11 52
51 67
66 64
18 2
56 18
56 75
33 79
66 26
48 2
55 77
48 77
16 44
1 7
44 32
65 28
29 41
75 41
15 58
78 76
2 10
16 66
62 81
51 22
78 53
42 27
81 50
8 65
22 42
56 37
19 31
69 38
67 60
9 69
60 26
38 11
38 5
37 16
53 29
12 68
57 3
62 38
14 20
54 53
6 42
27 50
66 41
68 4
58 25
69 62
37 23
81 53
59 25
63 20
13 31
3 44
13 70
19 58
7 32
70 69
31 34
14 64
69 21
16 10
72 63
73 25
69 25
71 38
55 15
71 63
76 39
58 26
10 54
70 26
16 75
83 5
11 66
82 65
65 83
9 42
33 80
65 64
30 48
82 83
50 43
45 48
46 32
71 38
65 47
65 47
51 78
16 3
13 77
38 69
28 3
21 81
34 38
20 83
49 83
35 71
21 36
15 40
83 75
32 72
31 14
68 76
59 10
36 19
58 32
69 76
65 75
24 60
21 70
24 29
26 48
65 75
41 22
31 28
41 34
80 11
2 49
7 65
54 26
53 15
72 18
24 2
48 8
79 8
82 61
5 7
66 63
16 36
43 59
37 72
27 45
73 50
36 67
12 42
11 45
42 56
24 26
38 63
70 6
10 79
78 39
80 30
59 61
11 1
35 30
52 13
46 60
7 36
1 49
81 50
57 48
45 29
24 74
27 66
1 60
28 72
73 83
36 21
56 71
11 83
80 82
51 82
11 47
54 44
57 21
57 70
9 3
83 23
56 11
69 31
47 66
29 76
61 29
74 37
46 29
41 11
78 32
22 29
57 18
83 17
51 60
17 64
72 52
65 3
7 62
8 35
24 33
8 17
13 68
8 77
75 59
56 41
66 36
48 24
18 83
44 63
24 45
18 73
15 28
26 37
11 2
51 47
50 5
63 6
52 57
75 74
25 3
11 61
37 3
28 65
3 6
56 19
8 48
7 66
79 7
8 11
82 6
60 4
55 7
30 11
19 43
19 72
44 50
60 2
82 28
24 14
24 30
57 20
78 39
16 33
72 64
55 69
33 66
56 67
33 1
82 23
4 51
25 13
83 10
4 78
1 69
15 68
39 19
55 13
29 70
30 41
37 56
53 21
15 38
54 45
44 21
41 3
55 45
56 70
83 66
57 62
75 52
36 28
61 24
36 19
46 79
7 77
80 41
26 9
64 42
19 35
30 44
59 1
69 75
33 37
41 61
7 63
70 25
58 6
40 68
65 34
8 22
30 58
28 16
32 16
34 78
71 29
37 2
31 1
68 32
38 19
69 74
42 24
49 73
58 9
63 38
5 63
72 23
60 82
29 45
42 36
1 66
36 63
44 4
79 70
38 57
8 35
48 57
68 41
36 56
20 76
13 6
47 45
5 40
45 15
51 64
42 45
58 55
13 6
61 12
49 35
70 15
34 80
77 20
79 78
43 26
64 8
76 64
18 33
38 78
51 27
12 58
57 27
38 35
62 28
6 58
15 28
81 57
73 79
17 55
41 10
70 21
18 67
57 21
17 32
65 22
68 24
56 75
81 77
80 58
10 39
50 58
21 26
19 83
49 2
8 36
75 35
31 63
11 55
56 66
32 71
56 53
40 4
50 15
12 64
5 63
55 35
56 76
65 60
23 71
83 52
36 76
49 38
77 50
53 39
3 39
8 71
63 68
77 24
46 30
56 35
64 22
2 61
14 56
72 16
9 19
55 8
34 78
43 81
17 1
38 11
24 61
46 22
2 13
14 48
38 60
77 59
26 45
21 12
55 51
25 3
13 43
33 31
26 75
54 33
11 4
58 73
8 54
76 54
64 66
61 60
53 52
14 59
21 45
76 47
19 43
8 52
60 42
46 10
24 22
81 28
53 69
40 1
26 62
59 18
27 57
39 62
47 13
72 39
36 50
6 60
50 4
48 70
43 7
61 18
57 37
10 9
54 42
37 59
77 39
25 3
62 29
52 22
3 73
81 4
9 65
8 69
16 28
56 68
68 40
55 570
46 54
17 3
50 44
23 22
28 52
41 52
8 13
3 4
53 45
46 45
16 25
44 8
22 18
53 39
48 31
20 50
45 30
35 33
38 29
21 42
32 35
32 44
10 32
36 30
35 14
23 6
33 14
48 30
54 17
29 20
22 26
20 35
17 20
28 38
4 1
43 55
26 33
37 35
18 37
5 37
39 31
20 42
55 18
55 15
39 3
54 24
47 10
34 42
39 22
39 35
49 51
48 14
48 34
18 22
37 39
40 20
31 5
31 54
23 51
9 19
11 28
46 39
45 12
1 35
7 54
52 39
21 50
12 25
31 6
48 54
10 11
37 40
25 47
54 23
44 10
21 40
12 8
2 31
53 40
41 32
44 40
22 43
40 6
45 51
43 52
38 27
34 31
1 40
33 20
6 26
43 19
46 45
44 50
2 48
32 55
5 32
50 6
42 38
22 52
40 11
55 21
41 19
2 40
39 54
21 55
53 8
52 44
49 7
40 9
18 10
29 22
27 18
30 16
25 9
6 52
39 27
1 37
24 8
16 30
44 55
8 23
25 32
41 8
52 2
22 50
12 55
15 40
54 19
22 5
13 7
16 33
24 37
54 51
21 49
41 28
46 24
35 36
32 8
1 36
20 15
42 48
4 42
18 49
51 5
15 53
36 43
26 25
10 11
11 46
14 43
15 25
8 24
24 31
29 48
17 36
28 23
32 30
48 50
54 5
10 40
29 19
1 53
24 50
7 22
50 41
33 25
9 15
32 38
38 6
29 42
21 11
34 3
38 36
17 44
43 33
18 8
45 27
21 48
55 34
14 33
13 28
51 54
37 6
1 29
51 50
16 29
35 30
13 11
48 33
20 12
1 43
43 14
7 47
34 8
4 40
20 13
27 51
7 53
51 28
25 47
51 46
36 32
12 7
49 36
6 15
6 3
54 7
26 1
10 39
3 50
48 32
27 5
52 34
36 33
15 24
12 49
5 4
24 22
24 51
9 16
38 48
39 32
28 16
31 13
41 52
31 40
21 43
49 39
43 36
34 1
27 15
31 45
43 48
26 6
47 15
29 46
44 47
30 52
43 48
19 21
18 19
3 21
20 22
6 17
35 37
27 11
10 5
45 13
25 27
5 12
21 30
17 15
22 48
20 7
45 28
2 32
34 14
51 38
41 18
30 40
37 51
23 27
21 26
25 46
32 3
7 12
24 16
7 29
48 23
16 27
3 45
55 19
32 28
33 45
29 10
17 52
20 42
32 14
20 2
6 24
2 18
47 44
9 22
25 1
20 36
23 10
55 39
18 54
7 24
24 53
51 38
51 10
30 39
12 5
22 47
34 51
48 15
24 35
13 36
42 34
30 17
41 21
18 38
53 9
11 26
11 16
50 41
24 44
37 12
28 16
55 33
41 40
50 41
28 32
54 46
8 7
19 36
52 55
41 21
8 22
55 15
31 33
33 21
6 13
34 5
24 46
37 7
21 14
30 40
32 14
11 34
7 52
20 23
10 7
18 43
8 42
36 24
31 1
50 13
29 3
14 37
53 1
5 3
8 48
30 19
9 10
6 29
13 40
44 8
20 5
51 54
32 36
3 9
18 29
13 22
14 1
29 16
1 17
38 24
37 24
49 26
30 55
3 49
46 6
28 29
37 49
17 2
25 11
25 39
53 46
34 37
22 11
35 26
11 21
43 34
15 7
51 30
49 2
7 46
43 7
4 26
16 41
23 15
49 9
31 14
1 6
32 48
48 43
27 48
18 34
41 26
13 12
22 14
14 54
4 27
12 11
36 38
34 33
41 49
15 16
23 40
42 6
12 4
28 36
34 2
43 7
11 41
27 55
53 54
14 26
7 53
36 25
53 50
5 51
22 21
1 48
48 13
54 41
41 38
47 51
13 38
34 52
6 38
46 34
15 44
54 38
50 17
26 44
10 24
17 55
36 21
39 18
46 8
49 48
34 46
31 30
12 6
37 51
55 14
43 28
32 5
38 19
36 28
44 23
25 19
10 7
28 30
54 21
10 9
32 37
32 4
11 52
40 11
44 33
22 38
30 25
37 28
3 37
28 19
50 30
6 40
18 28
7 37
36 43
40 33
29 3
13 6
17 6
54 47
28 25
41 15
18 52
49 36
3 50
24 53
19 23
49 19
4 35
47 20
26 9
52 29
37 28
26 32
37 51
50 16
39 38
32 16
33 50
30 10
40 1
25 40
52 48
49 33
23 29
32 29
3 27
22 8
26 3
53 28
27 20
38 36
5 28
3 50
42 21
14 21
33 51
12 2
36 3
27 24
49 55
10 3
51 28
47 42
8 7
4 48
34 41
3 29
55 10
11 2
45 41
41 50
2 42
42 53
28 50
51 28
44 32
37 5
6 3
14 33
4 27
25 17
33 25
28 53
21 48
50 26
1 25
36 42
37 19
1 46
43 15
41 43
4 23
19 16
41 30
6 18
31 32
21 37
42 24
31 51
37 10
36 47
37 52
25 1
47 16
28 47
25 5
27 34
5 49
7 5
51 36
10 3
20 10
39 31
48 2
2 42
38 21
18 55
16 54
40 2
36 34
