1
92 2
91 47 17 89 21 3
79 96 80 90 91 38
25 28 61 70 27 43
97 34 55 91 79 38
48 59 53 10 96 2
39 18 18 10 92 9
96 40 36 52 66 61
25 82 51 36 18 84
80 75 60 69 19 6
71 44 50 85 61 20
80 81 41 49 39 58
23 44 18 59 37 75
49 19 21 78 75 51
17 61 11 12 79 67
14 98 87 58 24 12
78 56 9 6 36 1
19 49 16 66 97 31
62 18 97 7 37 71
20 57 7 83 93 4
57 67 77 15 99 24
27 27 12 12 53 23
46 71 97 93 9 83
94 52 75 17 57 81
3 9 71 31 14 23
66 81 35 83 100 74
92 74 58 55 7 22
73 40 5 7 53 42
40 43 68 50 53 31
81 74 6 76 100 44
52 73 81 51 15 93
2 46 4 23 26 2
35 20 88 91 3 77
77 22 79 94 93 82
54 70 31 65 5 91
6 60 11 44 62 97
66 14 56 67 84 76
43 51 72 11 7 74
38 68 95 43 29 19
9 95 91 96 4 42
90 79 41 75 37 34
42 83 56 34 25 2
37 58 28 66 55 70
97 81 96 22 75 56
21 75 41 33 89 94
79 73 16 33 87 78
53 61 61 17 21 76
34 74 73 43 45 20
22 11 16 62 8 65
94 94 93 86 41 5
18 68 33 71 35 14
9 53 67 94 62 20
26 65 62 39 30 95
64 64 42 12 44 35
22 14 68 96 8 48
16 10 72 74 93 95
2 25 38 78 98 25
34 55 69 66 78 10
50 32 58 94 88 58
55 7 2 33 88 18
98 56 31 44 86 19
21 46 35 65 56 59
56 98 37 98 16 77
10 30 99 88 14 19
90 5 42 83 60 9
50 57 27 80 77 96
83 68 53 3 86 9
3 99 24 8 6 70
61 66 41 71 88 21
85 26 86 9 27 30
92 84 64 55 23 54
67 85 65 38 67 58
69 98 80 27 74 73
49 2 34 39 16 98
45 5 74 75 39 30
86 72 42 84 3 34
82 55 36 91 51 94
16 83 1 44 75 33
59 95 51 6 30 7
66 37 14 100 83 47
80 31 55 33 2 86
90 62 65 59 49 22
77 95 91 23 30 95
67 72 9 31 100 3
8 77 48 47 51 60
92 25 43 81 56 62
16 26 19 14 30 45
22 15 23 48 25 73
68 71 92 89 77 57
27 92 94 2 41 41
100 16 22 41 55 48
8 38 72 88 22 78
70 31 30 33 57 80
93 38 96 91 48 94 G
100 37 85 79 30 50 G
